    2945
    2939
    2796
    2886
    2746
    2945
    2907
    2974
    2963
    2876
    2866
    2942
    2874
    2995
    2925
    2972
    2966
    2935
    2997
    2821
    2948
    2908
    2922
    2861
    2849
    2884
    2957
    2949
    2920
    2829
    2980
    2911
    2954
    2918
    3015
    2875
    2900
    2915
    2955
    2963
    2885
    2968
    2919
    2981
    2892
    2927
    2934
    2889
    2879
    2969
    2927
    2892
    2952
    2994
    2928
    2838
    2889
    2917
    2943
    2910
    2905
    2935
    3029
    2954
    2882
    2937
    2998
    2961
    2925
    2934
    2912
    2887
    2873
    2884
    3018
    2962
    2895
    2999
    2921
    2889
    2944
    2965
    2967
    2966
    2818
    2961
    2821
    2878
    2901
    2929
    2918
    2922
    2889
    2839
    2920
    2972
    2888
    3005
    3052
    2968
    2843
    2879
    2843
    3017
    2914
    2893
    2944
    2925
    2959
    2898
    2989
    2932
    2907
    2971
    3002
    2847
    2896
    2968
    2861
    2943
    2957
    2989
    3022
    2967
    2884
    2962
    2975
    2923
    2991
    2879
    3074
    2879
    2935
    2959
    2893
    2968
    2976
    2974
    3003
    2977
    2855
    2929
    2949
    2931
    2932
    2902
    2964
    2896
    2958
    2887
    2928
    2938
    2960
    2875
    2936
    2889
    2917
    2936
    2961
    2912
    2931
    2867
    2911
    2882
    2909
    2872
    2877
    2956
    2942
    2908
    2978
    2898
    2924
    2958
    3038
    2922
    2945
    2957
    2944
    2951
    3027
    2779
    2923
    2933
    2885
    2854
    2936
    2888
    2947
    2844
    2860
    2972
    2806
    2872
    3011
    2965
    2994
    3019
    2949
    2941
    2896
    2939
    3030
    2920
    2929
    2962
    2891
    2924
    2913
    2863
    2970
    2911
    2933
    3021
    2980
    2904
    2905
    2884
    2865
    2935
    2919
    2875
    2822
    2934
    2910
    2980
    2954
    2840
    3014
    3037
    2969
    2965
    2969
    2917
    3032
    2924
    2897
    2978
    2918
    3002
    2976
    2993
    2930
    2927
    2998
    2905
    2858
    2930
    2957
    2943
    2964
    2904
    2941
    2881
    2905
    2876
    2913
    2961
    2951
    2942
    2850
    3032
    2917
    2865
    2899
    2878
    2986
    2979
    2943
    2950
    2918
    3031
    2999
    2913
    2944
    2952
    2872
    2940
    2892
    2844
    2917
    2929
    2978
    2859
    2979
    2853
    2908
    2840
    2960
    2954
    2984
    2967
    2848
    2984
    2958
    2982
    2930
    3018
    2933
    2921
    2931
    2922
    2882
    2887
    2807
    2954
    2978
    2979
    2913
    2903
    2953
    2932
    2864
    2914
    2875
    2939
    2877
    2867
    2941
    2947
    2934
    3001
    2871
    2841
    3071
    2956
    2915
    2847
    2951
    2931
    2996
    2858
    2926
    2861
    2967
    3009
    2840
    2934
    2899
    3030
    2960
    2922
    2970
    2962
    2875
    2881
    2870
    2850
    2964
    2941
    2977
    2960
    2876
    2943
    2971
    2911
    2827
    2866
    2880
    2944
    2836
    2906
    2916
    2974
    2980
    2898
    2917
    2913
    2893
    2859
    2906
    2999
    2908
    2976
    2906
    2930
    2920
    2873
    2941
    2903
    2899
    2988
    2974
    2905
    2942
    2854
    2990
    3022
    2911
    2919
    2876
    2981
    2855
    2922
    2928
    3008
    3025
    2862
    3040
    2897
    2982
    3018
    2923
    2949
    2872
    2993
    2946
    2907
    2947
    2961
    2857
    3032
    2933
    2965
    2992
    2925
    2952
    2842
    2951
    2915
    2940
    2903
    2963
    2928
    2901
    3024
    2859
    2967
    2955
    2937
    2908
    2867
    2824
    2873
    2980
    3004
    2903
    2916
    3047
    2987
    2889
    2964
    2875
    2887
    2880
    2936
    2877
    2915
    2937
    2910
    2886
    2909
    2886
    2861
    2987
    2881
    2948
    2887
    2928
    2846
    2887
    2996
    2938
    2896
    2904
    2948
    2940
    2888
    2906
    2884
    2957
    2923
    2927
    2885
    2901
    2867
    2922
    2899
    3011
    2870
    2924
    2894
    2927
    2914
    2992
    2910
    3025
    3000
    2962
    2901
    2888
    2911
    2903
    2862
    2952
    2989
    3019
    2963
    2918
    2966
    2922
    3029
    2934
    2854
    2875
    2987
    2920
    2982
    2941
    2973
    2908
    2942
    2967
    3019
    2936
    2995
    2910
    3034
    2985
    2917
    2930
    2901
    2921
    2959
    2943
    2915
    2931
    2932
    2933
    2937
    2980
    2893
    2889
    2937
    2968
    2836
    2934
    2970
    2950
    2897
    2933
    2922
    2944
    2999
    2919
    2988
    2886
    2907
    2962
    2957
    2915
    2911
    2918
    2969
    2953
    2971
    2904
    2869
    2890
    2925
    2887
    2964
    3023
    2840
    2863
    2895
    2979
    2988
    2913
    3009
    2995
    2896
    2942
    2870
    2948
    2955
    2905
    3005
    2955
    2903
    2929
    2871
    2962
    3013
    2942
    2932
    3014
    2934
    2943
    2942
    2929
    2868
    2906
    2897
    2943
    2887
    2902
    2994
    3003
    2979
    2970
    2962
    2933
    2943
    2956
    2897
    2938
    2954
    2984
    2906
    3024
    2917
    2911
    2902
    2910
    2889
    2899
    2873
    2908
    2868
    2902
    2906
    2979
    2937
    2883
    2891
    2873
    2941
    2929
    2801
    2961
    3003
    2834
    2854
    2953
    2921
    2908
    2959
    2938
    2973
    2881
    2903
    2931
    2935
    2993
    2836
    2940
    2971
    2958
    2905
    2927
    2906
    2930
    2931
    2959
    2890
    2973
    2834
    2926
    2960
    2911
    2862
    2877
    2853
    2988
    2982
    2898
    3002
    2956
    3109
    2849
    2902
    2884
    2841
    2899
    2949
    2944
    2943
    2901
    2909
    2996
    2945
    2931
    2908
    2875
    2907
    2852
    2885
    2880
    2890
    2865
    2904
    2969
    2884
    2883
    2940
    2950
    2939
    2922
    2856
    2914
    2842
    2893
    3031
    2938
    2960
    2970
    2904
    2953
    2960
    2904
    2991
    2932
    2930
    3002
    2889
    2936
    2982
    2998
    2915
    2993
    2928
    2939
    2875
    2902
    2842
    2952
    2977
    2907
    2947
    2872
    2945
    2989
    2951
    2972
    2961
    2951
    2942
    2977
    2941
    2932
    2889
    2891
    2909
    2982
    2885
    3008
    2878
    2831
    2972
    2979
    2874
    2954
    2978
    2901
    2967
    2989
    2947
    2876
    2850
    2820
    2911
    2846
    2904
    2894
    2885
    2870
    2930
    2944
    2934
    2998
    2894
    2958
    2938
    2910
    2964
    2963
    2917
    2946
    2934
    2962
    2874
    3005
    2964
    2964
    2850
    2959
    2889
    2920
    2944
    2941
    2872
    2987
    2983
    2861
    2868
    2892
    2949
    2939
    2894
    2912
    2985
    2903
    2888
    3000
    2883
    2955
    2892
    2997
    2988
    2947
    2907
    2959
    2976
    2966
    2893
    2888
    2968
    2933
    2941
    2845
    2963
    2965
    2886
    2918
    2980
    2934
    2933
    2895
    2965
    3009
    2985
    2887
    2976
    2981
    2939
    2922
    3029
    2972
    2884
    2917
    2943
    2994
    2880
    2933
    2956
    3031
    2992
    2942
    2990
    2932
    2967
    2905
    2962
    2867
    3027
    2968
    2954
    2825
    3067
    3051
    2906
    2950
    2823
    2894
    3017
    2992
    2933
    3030
    2872
    2988
    2856
    3059
    2981
    2943
    2904
    2869
    2916
    2860
    2935
    2960
    2897
    2956
    2937
    2906
    2906
    2932
    2893
    2889
    3004
    2894
    2886
    2915
    2988
    2880
    2998
    2972
    2903
    2997
    2916
    3012
    2972
    2936
    2898
    2994
    3014
    2904
    2985
    2951
    2982
    2863
    2914
    2963
    2951
    2989
    2860
    2915
    2977
    2864
    3012
    3005
    2905
    2938
    2787
    2964
    2967
    2950
    3009
    2984
    2940
    2944
    2922
    2985
    2936
    2988
    2947
    2967
    2880
    2931
    2935
    2929
    2917
    2918
    2804
    3002
    2937
    2983
    2892
    2972
    2980
    2893
    2984
    2921
    3045
    2881
    2962
    2915
    2943
    2895
    2939
    2940
    2940
    2908
    2991
    2916
    3000
    2974
    2954
    2882
    2896
    2943
    2914
    2902
    2907
    3006
    2879
    2896
    2875
    2847
    2921
    2900
    2912
    2806
    2949
    2914
    2937
    2932
    2906
    2959
    2913
    2841
    2936
    2869
    2857
    2904
    2949
    2902
    2915
    2985
    2855
    2974
    2949
    2860
    2971
    3015
    2877
    2961
    2855
    2937
    2893
    3066
    2919
    2836
    2884
    2965
    2934
    2956
    2851
    2978
    2860
    2897
    2976
    2937
    2930
    2924
    2912
    2954
    2921
    2970
    2849
    2932
    2945
    2904
    2878
    2871
    2901
    2890
    2938
    2862
    2949
    2985
    2817
    2887
    3003
    2962
    2962
    2917
    3016
    2896
    3028
    2955
    3041
    2883
    2952
    2975
    3001
    2954
    2957
    2904
    2836
    2889
    2915
    2957
    2951
    2916
    3105
    2946
    2968
    2936
    2885
    2892
    2929
    2996
    2856
    3011
    2918
    2981
    2917
    2976
    2921
    2912
    2950
    2896
    2850
    2900
    2926
    2971
    2952
    2919
    2918
    3018
    3006
    2968
    2980
    2849
    2955
    2922
    2850
    2984
    2893
    2940
    2971
    2894
    2869
    2861
    3018
    2939
    2951
    2957
    2983
    2925
    2851
    2956
    2907
    2872
    3014
    2955
    2939
    2968
    2934
    2863
    2868
    2897
    2893
    2879
    2916
    2919
    2934
    2991
    2836
    2899
    2864
    2875
    2966
    2990
    2913
    2885
    2959
    2969
    2935
    2964
    2871
    2913
    2953
    2923
    2945
    2957
    2854
    2943
    2813
    2947
    2918
    2991
    2969
    2919
    2919
    2932
    2887
    2838
    2856
    2915
    2870
    2963
    2915
    3014
    3017
    2850
    2932
    2899
    2931
    2950
    2907
    2987
    2922
    2905
    2910
    2898
    2931
    2919
    2981
    2904
    2919
    2959
    2896
    2876
    2933
    2922
    2808
    2939
    2956
    2916
    2965
    2929
    2931
    2845
    2926
    2986
    2920
    2918
    2903
    2878
    2901
    2998
    2905
    2972
    2892
    2943
    2872
    2792
    2883
    3010
    2980
    2953
    2923
    2955
    2941
    2914
    2937
    2982
    2943
    2879
    2879
    2892
    2884
    2998
    2877
    2910
    2948
    2995
    2874
    2976
    2931
    2946
    2926
    2897
    2957
    3049
    2988
    2929
    2834
    2951
    2860
    2932
    3004
    2943
    2911
    2915
    2923
    2876
    2973
    2916
    2952
    2962
    2878
    2851
    2951
    2863
    2901
    3014
    2914
    2860
    2888
    3007
    2935
    2963
    2916
    2899
    2851
    2928
    2916
    2910
    2959
    2872
    3011
    2939
    2951
    2849
    3018
    2979
    2986
    2996
    2852
    2884
    2856
    2842
    2930
    2971
    2870
    2906
    2948
    2909
    2898
    2865
    2936
    2925
    2879
    2875
    2808
    2883
    2918
    2933
    2871
    2935
    2893
    2864
    2862
    2937
    2923
    2980
    2993
    2961
    2982
    2920
    2967
    2815
    2887
    3010
    2874
    2923
    2892
    2973
    2847
    2865
    2946
    2941
    2962
    2996
    2943
    2835
    2891
    2985
    2924
    2974
    2899
    2996
    2971
    2954
    2898
    2969
    2870
    2857
    2833
    2934
    2999
    2925
    2957
    2909
    2882
    2968
    2916
    2864
    3005
    2943
    2903
    2927
    2946
    2984
    2918
    2879
    2892
    2998
    2940
    2989
    2904
    2931
    2910
    2970
    2944
    2890
    2906
    2812
    2944
    2852
    2914
    2892
    2929
    2887
    2910
    2959
    2963
    2899
    2837
    2997
    2948
    2933
    2957
    2894
    2962
    2938
    2942
    2910
    2944
    2966
    2926
    2823
    2965
    2966
    3005
    2886
    2893
    2966
    2891
    2874
    2981
    2956
    2989
    2922
    2962
    2951
    2983
    2945
    2964
    2951
    2951
    2928
    2936
    2908
    2947
    2922
    2976
    2953
    2897
    2921
    2972
    2927
    2945
    2912
    3042
    2975
    2859
    2924
    2965
    2951
    2883
    3037
    3019
    3013
    2908
    2906
    3059
    2851
    2954
    2961
    2885
    2961
    2957
    2942
    2917
    2945
    2847
    2970
    2954
    2899
    2919
    2856
    2911
    2851
    2912
    2876
    2990
    2957
    2960
    2975
    2938
    2914
    2961
    3009
    2885
    2892
    2886
    2856
    2788
    3029
    2914
    2858
    2951
    2921
    2975
    2934
    2910
    2974
    2911
    2968
    2835
    2904
    3006
    2885
    2948
    2941
    2898
    2984
    2986
    3018
    2847
    2948
    2955
    2913
    2927
    3052
    2869
    2967
    2858
    2965
    2861
    2864
    2892
    2902
    2898
    2968
    3007
    2989
    2911
    2943
    2862
    2957
    2877
    3047
    2865
    2922
    2907
    2945
    2973
    2973
    2914
    2926
    2894
    3004
    2929
    2926
    3059
    2936
    2973
    2883
    2922
    2943
    2952
    2911
    2924
    2856
    2941
    2950
    2954
    2934
    2890
    2873
    2902
    2947
    2894
    2927
    2963
    3029
    2894
    2936
    2927
    2893
    2963
    2876
    2860
    2929
    2892
    2952
    2909
    2941
    2988
    2935
    2894
    2892
    3046
    2917
    2866
    2952
    2963
    2947
    2878
    2960
    3035
    2872
    3024
    2915
    3007
    2910
    2935
    2938
    2922
    2953
    2875
    2889
    2976
    3043
    3021
    2946
    2965
    2905
    2904
    2941
    2955
    2855
    2984
    2969
    2917
    2875
    2838
    2897
    2830
    3005
    2854
    2932
    2960
    2966
    2897
    2949
    2929
    2914
    2966
    2990
    2955
    2944
    2987
    2912
    2938
    2872
    2979
    2908
    2879
    3018
    2902
    2932
    2915
    2875
    2881
    2921
    2939
    2900
    2921
    2947
    2976
    2930
    2907
    2886
    2932
    2919
    2955
    2867
    2939
    2936
    2906
    2968
    2923
    2895
    2916
    2909
    3004
    3044
    2911
    2948
    2994
    2930
    2954
    3018
    2851
    2974
    2944
    2836
    3006
    2997
    2896
    2959
    2926
    2918
    2928
    2906
    2884
    2942
    2884
    2920
    2972
    3054
    2916
    2919
    2988
    2921
    3000
    2873
    2941
    2903
    3027
    2857
    2876
    2902
    2861
    2946
    2884
    2986
    2899
    2959
    2784
    2879
    2945
    3088
    2916
    2883
    2888
    2967
    2923
    3007
    2954
    2992
    3015
    2873
    2904
    2918
    2883
    2882
    2963
    2965
    2917
    2925
    2969
    2977
    2927
    2866
    2875
    2925
    2905
    2928
    2927
    2884
    2900
    2984
    2968
    2913
    2896
    2969
    2920
    2930
    2917
    2912
    2896
    3012
    2940
    2954
    2917
    2821
    3036
    2938
    2866
    2889
    2956
    2982
    2914
    2971
    2929
    2959
    2874
    2925
    2912
    2857
    2959
    2979
    2969
    2893
    2904
    2910
    2945
    2959
    2904
    2978
    2927
    2923
    2957
    2849
    2958
    3027
    2978
    2914
    2972
    2937
    2915
    2964
    3072
    2948
    2930
    2949
    2965
    2914
    2953
    2897
    2839
    2993
    2792
    2892
    2899
    2900
    2922
    2896
    2939
    2961
    2952
    2982
    2931
    3006
    2998
    3010
    2973
    3003
    2978
    2987
    3068
    2926
    2901
    2966
    2918
    2935
    2994
    2941
    2898
    2965
    2865
    2967
    2963
    2990
    2949
    2867
    2887
    2912
    2905
    2932
    2884
    2848
    2980
    2900
    2859
    2891
    2814
    2858
    2892
    2857
    2937
    2901
    2898
    2883
    2992
    2893
    2943
    2851
    2953
    3018
    2921
    2914
    2887
    3000
    2885
    2971
    3007
    2937
    2883
    2914
    2999
    2973
    2966
    3020
    2957
    2921
    2952
    2887
    2966
    2937
    2950
    2900
    3019
    2925
    2903
    2860
    2926
    2884
    2983
    2897
    2916
    2886
    3018
    2937
    2957
    2915
    2965
    2886
    3012
    2978
    2927
    2953
    2948
    2986
    2936
    2875
    2995
    2903
    2986
    2860
    2925
    2984
    2898
    2941
    2933
    2954
    2984
    3036
    2954
    2924
    2915
    3002
    2891
    2949
    2900
    2971
    2954
    2923
    2867
    2924
    2989
    2942
    2844
    2985
    2891
    2933
    2953
    2911
    3021
    2928
    2947
    2918
    2946
    2899
    2935
    2982
    2894
    2894
    2911
    2913
    2949
    3007
    2940
    2877
    3031
    2873
    2980
    2929
    2971
    3032
    2874
    2950
    2865
    2905
    2915
    3001
    2886
    2830
    2944
    2944
    2926
    2943
    2980
    3007
    2901
    2966
    2909
    3041
    2961
    2895
    2911
    2911
    2826
    2910
    2918
    2930
    2891
    3001
    2869
    3001
    2895
    2900
    2978
    2900
    2975
    2945
    2891
    3028
    2915
    2998
    2916
    2993
    2936
    2924
    2877
    2928
    2971
    2945
    2907
    2935
    2976
    2856
    2945
    2976
    2940
    2923
    2962
    2951
    2953
    2908
    2848
    2869
    2910
    2840
    2931
    2907
    2871
    2992
    2951
    2993
    3014
    2951
    2986
    2904
    2884
    2969
    2883
    2913
    3031
    2915
    2856
    2897
    3026
    2976
    2927
    2985
    3033
    2932
    2901
    2902
    2967
    2902
    2882
    2898
    2962
    2904
    2982
    2901
    2975
    2958
    2951
    2941
    2929
    2800
    2889
    2884
    2914
    2899
    2967
    2948
    2871
    2989
    2956
    2918
    2934
    2998
    2855
    2833
    2956
    3003
    2850
    2965
    2948
    2878
    2921
    2909
    2877
    2876
    2948
    2881
    2875
    2926
    3003
    3021
    2971
    2849
    2921
    2920
    2930
    2878
    2932
    2912
    2933
    2802
    2913
    2900
    2924
    3011
    2947
    2855
    2892
    2837
    2955
    2874
    2866
    2898
    2931
    2935
    2948
    2923
    2905
    2988
    2942
    2885
    2952
    2847
    2941
    2903
    2982
    3008
    2962
    2978
    2938
    2921
    2927
    2901
    2938
    2987
    2907
    3027
    2975
    2971
    2942
    2917
    2980
    2924
    2907
    2970
    2920
    2984
    2918
    2940
    2912
    2945
    3000
    2861
    2996
    2932
    2953
    2900
    2989
    2940
    2857
    2985
    2905
    2960
    2954
    2955
    2935
    2883
    2822
    2914
    2896
    2963
    2903
    2955
    2927
    2959
    2882
    2939
    2837
    2915
    2897
    2945
    2990
    2932
    2911
    2876
    2922
    2949
    2938
    2913
    2864
    2851
    2965
    2978
    2974
    2914
    2935
    2916
    2908
    2934
    2912
    2893
    2915
    2930
    2867
    2920
    2912
    2867
    2913
    2843
    2892
    3022
    2982
    2943
    2880
    2870
    2951
    2911
    2916
    2892
    2917
    2947
    2945
    2988
    3006
    2940
    2916
    2954
    2922
    2853
    2974
    2907
    2855
    2944
    2995
    2901
    2891
    2906
    2965
    2976
    2859
    2995
    2886
    2929
    2932
    2941
    2999
    2907
    2905
    3010
    2896
    2966
    2881
    2940
    2958
    2971
    2897
    2968
    3003
    2934
    2848
    3023
    2912
    2952
    2944
    2889
    2945
    2887
    3045
    2861
    2913
    2930
    2959
    2802
    2929
    2981
    2981
    2963
    2972
    2956
    3064
    2919
    2958
    2937
    2876
    2900
    2915
    2898
    2990
    2896
    3074
    2946
    2898
    2891
    2863
    2941
    2955
    2922
    2893
    2899
    2973
    2884
    2955
    2965
    2941
    2943
    2961
    2947
    2981
    2917
    2908
    2944
    2858
    2974
    2969
    2947
    2962
    2960
    2926
    2985
    2964
    2935
    2967
    2967
    2896
    2921
    2965
    2839
    2893
    2845
    2893
    2932
    2860
    2920
    2953
    2964
    2928
    2972
    2886
    2954
    2875
    2974
    2947
    3007
    2946
    2888
    2884
    3029
    2921
    2925
    2943
    2979
    3061
    2916
    2957
    2942
    3026
    2976
    3000
    2949
    2976
    2942
    2951
    2853
    2867
    2926
    2923
    2929
    2940
    2980
    2979
    2893
    2931
    2879
    2888
    2910
    2918
    2940
    2882
    3029
    2945
    2926
    2931
    2925
    2859
    2904
    2865
    2997
    2925
    2947
    2873
    2889
    2940
    2871
    2976
    2922
    2950
    2929
    2817
    2907
    2891
    2939
    2904
    2911
    2961
    2915
    2897
    2981
    2844
    2930
    2969
    3015
    2831
    2978
    2961
    2876
    2945
    2988
    2962
    2847
    2918
    2979
    2943
    2839
    2926
    2842
    2892
    2932
    2987
    2884
    2907
    2955
    2911
    2980
    2905
    2782
    2918
    2839
    2986
    2901
    2945
    2980
    2946
    2971
    2943
    2868
    2968
    2929
    2985
    2983
    3003
    2850
    2916
    2897
    3002
    2921
    2858
    2940
    2884
    2883
    2957
    2913
    2942
    2955
    2921
    3060
    2824
    2970
    2902
    2939
    2908
    2918
    2961
    2895
    2919
    2855
    2888
    2904
    2971
    2912
    2962
    2989
    2932
    2891
    2930
    2900
    2975
    2963
    2963
    2953
    2917
    2903
    2936
    2902
    2879
    2937
    2936
    2828
    2846
    2962
    2899
    2977
    3023
    2954
    2946
    2949
    2930
    2941
    2869
    2960
    2983
    2922
    2895
    2942
    2942
    2920
    2942
    2968
    2943
    2910
    2834
    2988
    2923
    2889
    2979
    2865
    2920
    2869
    2949
    2882
    2966
    2895
    2906
    2987
    2778
    2918
    2865
    2936
    2989
    2935
    2914
    2981
    2942
    2882
    2937
    2857
    2828
    2916
    2846
    2959
    2907
    2887
    3043
    2913
    2923
    2930
    2923
    2927
    2905
    2953
    2896
    2863
    2981
    2964
    2931
    2911
    2884
    2948
    2938
    2974
    2864
    3011
    3158
    3066
    2852
    2951
    2895
    2899
    2923
    2930
    2825
    2960
    2967
    2822
    2928
    2934
    2813
    3021
    2994
    2904
    2953
    2851
    3013
    2911
    2986
    3009
    2927
    2916
    2938
    2913
    2863
    2975
    2954
    2900
    2947
    2935
    2924
    2918
    2904
    2937
    2841
    2851
    2964
    2905
    2973
    2932
    2947
    2896
    2938
    2885
    2846
    2907
    2980
    2897
    2921
    2994
    2937
    2966
    2905
    3001
    2916
    2912
    2940
    2947
    2909
    2903
    2875
    2857
    2846
    2975
    2978
    2848
    2897
    2862
    3024
    2873
    2908
    3000
    2960
    2931
    2936
    2866
    2942
    2934
    2957
    2959
    2889
    2919
    2994
    2941
    2935
    2949
    2909
    3019
    2936
    2951
    2957
    2828
    2976
    2954
    2892
    2968
    2897
    2909
    2912
    2995
    2910
    2938
    2949
    2894
    2984
    2992
    2934
    2903
    2896
    2921
    3043
    2946
    2862
    2958
    2799
    2899
    2921
    2885
    2970
    2902
    2939
    2873
    2873
    2951
    2942
    2964
    2917
    2907
    2914
    2916
    2908
    2836
    3026
    2942
    2945
    3021
    3053
    2941
    2937
    2887
    2891
    2958
    2932
    2961
    3057
    2923
    2883
    3069
    2978
    2880
    2946
    2970
    2960
    3000
    2936
    2859
    2833
    2880
    2949
    2974
    3008
    2962
    3007
    2888
    2884
    2890
    2955
    2907
    2917
    2976
    2940
    2935
    2888
    2882
    2879
    2880
    2932
    2920
    2892
    2911
    2934
    2928
    2906
    2927
    3006
    2981
    2930
    2962
    2862
    2924
    2937
    2915
    2938
    2915
    2880
    2975
    2988
    2932
    2908
    2933
    2976
    2900
    2955
    2870
    2854
    2910
    2929
    2917
    2918
    2909
    2910
    2850
    2883
    3004
    2984
    2983
    2999
    2952
    3030
    2988
    2980
    2917
    2920
    2969
    2875
    2887
    2944
    2992
    2825
    2987
    2911
    2865
    2978
    2929
    3011
    3000
    2934
    3001
    2902
    2929
    2960
    2912
    2928
    2972
    2984
    2792
    2899
    2851
    2902
    2877
    2935
    2874
    2944
    2802
    3018
    3019
    2849
    2941
    3021
    2909
    3026
    2858
    2926
    2885
    2936
    2926
    2977
    3038
    2994
    2917
    2970
    2891
    2975
    2877
    2907
    2988
    2922
    2928
    2914
    2907
    2962
    2872
    2925
    2891
    2904
    2889
    2919
    2897
    3030
    2975
    2924
    2966
    2888
    2916
    2902
    2980
    2943
    2873
    2864
    2944
    2868
    2905
    3008
    2902
    2911
    2876
    2902
    2897
    2924
    2991
    2999
    2955
    2979
    3013
    2905
    2970
    2941
    2952
    2878
    2846
    2933
    2974
    2916
    2951
    2928
    2959
    2878
    2954
    3004
    2910
    2857
    3020
    2858
    2954
    2937
    2876
    2888
    2904
    3002
    2934
    2970
    3015
    2891
    2860
    2946
    2952
    2925
    2932
    2887
    2936
    2961
    2933
    2912
    2877
    2912
    3015
    2919
    2943
    2944
    2944
    2835
    2909
    3020
    2920
    3005
    2879
    2984
    2944
    2909
    2954
    2955
    2884
    2922
    2892
    2969
    2961
    2975
    2969
    2906
    2940
    2913
    2937
    2984
    2876
    2975
    2910
    2972
    2967
    2857
    2911
    2950
    2939
    2919
    2989
    2940
    3001
    2934
    2930
    2996
    2844
    2982
    2895
    2887
    2963
    2982
    3033
    2970
    2919
    2898
    2971
    2884
    2861
    2920
    2957
    2940
    2928
    2845
    2927
    2912
    3016
    2931
    2976
    3005
    2859
    2928
    2875
    2929
    2976
    2961
    2918
    2985
    2845
    2936
    2948
    3031
    2938
    2924
    2948
    3007
    3040
    2924
    2923
    2865
    2941
    2942
    2965
    2939
    2976
    2983
    2897
    3027
    2963
    2990
    3023
    2954
    2866
    2903
    2969
    2868
    2996
    2946
    2887
    2921
    2907
    2964
    2950
    2959
    3002
    3019
    2921
    3026
    2873
    2932
    2918
    3008
    2873
    2900
    2877
    2841
    2936
    2869
    2931
    2986
    2915
    2920
    2831
    3003
    2924
    2872
    2964
    2890
    2930
    2903
    2956
    2908
    2859
    3046
    2955
    2880
    2920
    2921
    2948
    2869
    2986
    2873
    2945
    2951
    3010
    2998
    2928
    2971
    2890
    2946
    2881
    2949
    2905
    2939
    2995
    2949
    2904
    2941
    2944
    2936
    3002
    2910
    2995
    2926
    2896
    2924
    2971
    2948
    3013
    2963
    2975
    2953
    2951
    2931
    2966
    2967
    2968
    2890
    2941
    2965
    2901
    2881
    2929
    2851
    2899
    2973
    2908
    2932
    2963
    2924
    2978
    2872
    2901
    3011
    2875
    2895
    2900
    2917
    2949
    2935
    2893
    2883
    2913
    2930
    2909
    2896
    2889
    2949
    2868
    2936
    3008
    2906
    2970
    2929
    2944
    2966
    2912
    2927
    2949
    2937
    2833
    2892
    2901
    2965
    2899
    2954
    2951
    2923
    2969
    2880
    2982
    2929
    2968
    2895
    2995
    3040
    2924
    2900
    2965
    3016
    3069
    2968
    2937
    2864
    2936
    2957
    2968
    2884
    2957
    3056
    3015
    2911
    2926
    2965
    2985
    2932
    2942
    2886
    2980
    2906
    2958
    2988
    2959
    2899
    2912
    2975
    2918
    2915
    2859
    3019
    2940
    2886
    3030
    2946
    2949
    2894
    2925
    2959
    2918
    2977
    2969
    2833
    3042
    3027
    2872
    2952
    2948
    2903
    2872
    2861
    2879
    2972
    2986
    2965
    2902
    2936
    2983
    2853
    2901
    3021
    2983
    2903
    2963
    3001
    2973
    2917
    2901
    2886
    2976
    3017
    2867
    2889
    2950
    3028
    2903
    2935
    2873
    2916
    2920
    2917
    2958
    2878
    2912
    2954
    2889
    2869
    2919
    2926
    2942
    2908
    3011
    2898
    2916
    2859
    2871
    2997
    2925
    2852
    2936
    2867
    2983
    3020
    2905
    2933
    2863
    2950
    2961
    2910
    2902
    2969
    2906
    2891
    3003
    2907
    3002
    2869
    2954
    2888
    2885
    2950
    2832
    2957
    2872
    2930
    2948
    2878
    3040
    3030
    3018
    2936
    2927
    2884
    2967
    2934
    2989
    2955
    2819
    2835
    2938
    2825
    2908
    2837
    2840
    2944
    2862
    2909
    2818
    2935
    2939
    3025
    2934
    3005
    2986
    2909
    2999
    2978
    2917
    3002
    2840
    3017
    2826
    2966
    2987
    2986
    2985
    2936
    2928
    2909
    2911
    2937
    2921
    2877
    3009
    3008
    2924
    2920
    2981
    2881
    2979
    2941
    2887
    2898
    2966
    2870
    2930
    2924
    2955
    2835
    2917
    2935
    2903
    2926
    2898
    2959
    2889
    2959
    2864
    2962
    2913
    3019
    2928
    3061
    2945
    2917
    2953
    2944
    2936
    2935
    3014
    2897
    2866
    2915
    2978
    2910
    2855
    3016
    2867
    2985
    2937
    2993
    2916
    2926
    2933
    2983
    2880
    2927
    2934
    3005
    2890
    2895
    2880
    2901
    2930
    2975
    2854
    2919
    2911
    2877
    2982
    2912
    2919
    2935
    2907
    2940
    2969
    3002
    2948
    2909
    2993
    2934
    2908
    2878
    2958
    3009
    2930
    2921
    2925
    2933
    3002
    2996
    2961
    2905
    3016
    2997
    2987
    2955
    2974
    2914
    2985
    2868
    2937
    3042
    2959
    2944
    2904
    3002
    2992
    3002
    2881
    2937
    2919
    2915
    2924
    2929
    2939
    2904
    2923
    2945
    2908
    2933
    2900
    2843
    3015
    2891
    2951
    2971
    2885
    2923
    2940
    2861
    2964
    2885
    2991
    2973
    2942
    2911
    3024
    3020
    2896
    2920
    2970
    3000
    2996
    2934
    2922
    2814
    2972
    3033
    2945
    2949
    2914
    2919
    3000
    2949
    2918
    2848
    2929
    2871
    2905
    2992
    2892
    2902
    3032
    2963
    2984
    2984
    2990
    2928
    2884
    2908
    2904
    2932
    2934
    2917
    2932
    2985
    2917
    2971
    2915
    3001
    2892
    2889
    2893
    2921
    2913
    2936
    2905
    2921
    2911
    2915
    2948
    2992
    2865
    2931
    2925
    3044
    2967
    2972
    2927
    2946
    2972
    2997
    2873
    2909
    2910
    2941
    2980
    2939
    2959
    2891
    2933
    3000
    2830
    2986
    2839
    2942
    2910
    2912
    2941
    3041
    2912
    2976
    2859
    2879
    3011
    2988
    2936
    3006
    2860
    2860
    2906
    2890
    2892
    2943
    2938
    2950
    2990
    2894
    2923
    3075
    2869
    2890
    2958
    2893
    2965
    2882
    2976
    2794
    2921
    2912
    2984
    2996
    2952
    2854
    2950
    2910
    2850
    2893
    2948
    2869
    2928
    2970
    3028
    3020
    3001
    2966
    2966
    3010
    3018
    2928
    2895
    2850
    2892
    2929
    2896
    3081
    2894
    2930
    2884
    2913
    2850
    2908
    2899
    3019
    2938
    2964
    2930
    2926
    2857
    2896
    2874
    2874
    2986
    2987
    2860
    2934
    2883
    2884
    2951
    2890
    2980
    2932
    2946
    2974
    2906
    2943
    2875
    2944
    2972
    2928
    3036
    2977
    2886
    2850
    2927
    2913
    3036
    2870
    2907
    2937
    3008
    2843
    2924
    2903
    2906
    2849
    2930
    2967
    2973
    2865
    2862
    2876
    2880
    2918
    2976
    2978
    3031
    2930
    2979
    3060
    2903
    2963
    2964
    2861
    2937
    2942
    2953
    2937
    2959
    2989
    2945
    3013
    2810
    2920
    2891
    2882
    2962
    2897
    2918
    2980
    2890
    2935
    2919
    2931
    2914
    3000
    2941
    2919
    2921
    2930
    2979
    2957
    2942
    2999
    3031
    2968
    2956
    2883
    2896
    3058
    2917
    2955
    2961
    2930
    2901
    2921
    2959
    2963
    2960
    3040
    2966
    2943
    2866
    2925
    2921
    2946
    2891
    2984
    2891
    3004
    2961
    2914
    2974
    2881
    2967
    2931
    3000
    2988
    2980
    2950
    2875
    2969
    2922
    2954
    2923
    2917
    2954
    3033
    2834
    2916
    2886
    2904
    2875
    2896
    2956
    2892
    2875
    2884
    2855
    2954
    2870
    2938
    2956
    2932
    3017
    2914
    2882
    2929
    2874
    2909
    2934
    3038
    2937
    2919
    2941
    2851
    2881
    2972
    2964
    2947
    2933
    2921
    2935
    2891
    2924
    2976
    2913
    2923
    2882
    3036
    2871
    3015
    2871
    2992
    2981
    2901
    2964
    2959
    2898
    2914
    2915
    2902
    2957
    2895
    2864
    2995
    3024
    2972
    2942
    2962
    2952
    2917
    2892
    2901
    2941
    2913
    3001
    2956
    2875
    2940
    2985
    2971
    2920
    2992
    2927
    2999
    3000
    2940
    2908
    2950
    2897
    2938
    2870
    2909
    2962
    2863
    2867
    2940
    2974
    2914
    2829
    2917
    2930
    2929
    2914
    3039
    2904
    2947
    2852
    2910
    2890
    2903
    2871
    2989
    2951
    2839
    2931
    2881
    2960
    2905
    2966
    2887
    2975
    2974
    2984
    2964
    2963
    2968
    2842
    2924
    2977
    2944
    2904
    2903
    2992
    2948
    2868
    2913
    2887
    2880
    2914
    2909
    2940
    2948
    2975
    2956
    2912
    2932
    2915
    3019
    3000
    2862
    2911
    2891
    2945
    2908
    2930
    2911
    2977
    2911
    2881
    2888
    2855
    2920
    2888
    2980
    2950
    2905
    2963
    2893
    2889
    2941
    2913
    2944
    2962
    3004
    2908
    2961
    2954
    2995
    2936
    2920
    2966
    2917
    2913
    2920
    2969
    2884
    2910
    2834
    2865
    2888
    2851
    2891
    2865
    2909
    2991
    2892
    2975
    2919
    2862
    2963
    2921
    2928
    2894
    2975
    2851
    2930
    2921
    2916
    2894
    2965
    2794
    2824
    2950
    2855
    2981
    2950
    2910
    2944
    3005
    2945
    2933
    2865
    2928
    2894
    2885
    2941
    2989
    2960
    2888
    2992
    2977
    2950
    2940
    3025
    3041
    2883
    2950
    2902
    2942
    2898
    2971
    2915
    2976
    2937
    2934
    2941
    2975
    2906
    2908
    2910
    2917
    3006
    2898
    3004
    2904
    2920
    2830
    2999
    2839
    2975
    2983
    3033
    2978
    2970
    2921
    2872
    2960
    2933
    2969
    2918
    2881
    2918
    2911
    2998
    2935
    2939
    2948
    2905
    2927
    2864
    2947
    2868
    2847
    2929
    2908
    2999
    2955
    2899
    3033
    2915
    2884
    2913
    2924
    2941
    2937
    2954
    2891
    2911
    2994
    2941
    2900
    2871
    2910
    3016
    2924
    2905
    2933
    2827
    2829
    2911
    2928
    2974
    2881
    3002
    2964
    2917
    2867
    2973
    3001
    2883
    2928
    2940
    2928
    3008
    2823
    2908
    2880
    2921
    2898
    3035
    2897
    2962
    3077
    2907
    2925
    2918
    2935
    2896
    2915
    2978
    2937
    2964
    2902
    2949
    2918
    2883
    2942
    2922
    2851
    2889
    2914
    2924
    3027
    2903
    2966
    3044
    2979
    2918
    2957
    2901
    2823
    2905
    2910
    2962
    3012
    2931
    2906
    2903
    2905
    2945
    2902
    2945
    2971
    2870
    2822
    3001
    2874
    2836
    2968
    2990
    2831
    2983
    2907
    2854
    2942
    2917
    2913
    3002
    2940
    2903
    2854
    2941
    2978
    2802
    2891
    2877
    2886
    2890
    2939
    2944
    2931
    3036
    2904
    2887
    2912
    2988
    2963
    2994
    2889
    2936
    2946
    2997
    2948
    2963
    2939
    2933
    2955
    2940
    2913
    2923
    2917
    2986
    2955
    2943
    2991
    2908
    2984
    2914
    2974
    2929
    2936
    2983
    2903
    2925
    2899
    2927
    2934
    2940
    2910
    2914
    2859
    2912
    2967
    2925
    2852
    2947
    2887
    2882
    2966
    2964
    2901
    2838
    2853
    2898
    2984
    2958
    2872
    2984
    2901
    2921
    2887
    2912
    2947
    2935
    2984
    2896
    2895
    2982
    3047
    2945
    2949
    2901
    2958
    2953
    2950
    3006
    2993
    2960
    2936
    3008
    2903
    2957
    2931
    2862
    2955
    2894
    2918
    2912
    2950
    2907
    2913
    2892
    2907
    2901
    2955
    3023
    2952
    3008
    2935
    2974
    2916
    2954
    2970
    2959
    2842
    2944
    2896
    3036
    2914
    2887
    2924
    2981
    2935
    2872
    2955
    2897
    2833
    2829
    2966
    2939
    2878
    2846
    2923
    2958
    2822
    2910
    2935
    2923
    2886
    2967
    2958
    2899
    2907
    2830
    2988
    2943
    2840
    2883
    3064
    2844
    2867
    2933
    2954
    2892
    2907
    2901
    2950
    2844
    2917
    2811
    2962
    2978
    2927
    2889
    2841
    2898
    3000
    2834
    2919
    2884
    2894
    2875
    2917
    2919
    2897
    2895
    2965
    2961
    2999
    2832
    3101
    2972
    2936
    2999
    2874
    2981
    2923
    2941
    2852
    2947
    2836
    2881
    2916
    2902
    2933
    2967
    2972
    2913
    2983
    2881
    2896
    2939
    2899
    2894
    2891
    2917
    2905
    2926
    2970
    2916
    2900
    2922
    2872
    3004
    2952
    2976
    3009
    2985
    2924
    2992
    2863
    2991
    2878
    2996
    2876
    2933
    2810
    2894
    2960
    2947
    2840
    2836
    2964
    2948
    2846
    2920
    2933
    2900
    2845
    2881
    2860
    3005
    2959
    3008
    2885
    2997
    2910
    2990
    2873
    2988
    2931
    2950
    2936
    2870
    2946
    2893
    2865
    2871
    2911
    2933
    2939
    2883
    2985
    2903
    3011
    2888
    2980
    2883
    2870
    3016
    2969
    2927
    2920
    2937
    2869
    2918
    2887
    2905
    2937
    2934
    3005
    2929
    2977
    2972
    2947
    2940
    2960
    2899
    2895
    2959
    2902
    3023
    2933
    2830
    2897
    2962
    2900
    2953
    2925
    2887
    2930
    2955
    2863
    2818
    2898
    2944
    2952
    2910
    2946
    2857
    2908
    2870
    2923
    2883
    2852
    2966
    2892
    2915
    2832
    2880
    2904
    2867
    2910
    2878
    2986
    2917
    2976
    2828
    2943
    2999
    3012
    2901
    2945
    2935
    2870
    2851
    2918
    2988
    2973
    3022
    2809
    2954
    2952
    2887
    2822
    2950
    2905
    2998
    2858
    3031
    2859
    2871
    2821
    2955
    2894
    2842
    2871
    2911
    3053
    2996
    2888
    2966
    2905
    2902
    2914
    2983
    2996
    2977
    2926
    2946
    2888
    2928
    2956
    2965
    2975
    2932
    2915
    2943
    2963
    2891
    2955
    2959
    2991
    2997
    3015
    2888
    2945
    2930
    2975
    2860
    2910
    2859
    2991
    2939
    3020
    2938
    2974
    2890
    2965
    2941
    2961
    2846
    2883
    2864
    2949
    2887
    2956
    2834
    2977
    2889
    2890
    2930
    2989
    2902
    2943
    2904
    2915
    2927
    2898
    2994
    2911
    2974
    2982
    2900
    2869
    2924
    2942
    2897
    2895
    2909
    2975
    3072
    2882
    2883
    2871
    2847
    2855
    2930
    2837
    2857
    2988
    2896
    2930
    2879
    2879
    2936
    2885
    2917
    2873
    2915
    2857
    2889
    2897
    2917
    2888
    2981
    2943
    2968
    2974
    2825
    2919
    2818
    2890
    2942
    2921
    2960
    2886
    2902
    2969
    2979
    2811
    2926
    2897
    2953
    2925
    2891
    3023
    2923
    3039
    2967
    2847
    2958
    2928
    2970
    2846
    2844
    2977
    2975
    2926
    2952
    2883
    2899
    2906
    2877
    2881
    2876
    2967
    2962
    2912
    2882
    2909
    2894
    2847
    2890
    2851
    2952
    2925
    2944
    3002
    2987
    2896
    2918
    3016
    2952
    2948
    2980
    2944
    2945
    2877
    2911
    2928
    2984
    2909
    2873
    2861
    2845
    2931
    2876
    2897
    2906
    2966
    2947
    2902
    2924
    2978
    2952
    2971
    2960
    2871
    2957
    2918
    2947
    2947
    2961
    2950
    3030
    2885
    2972
    2910
    2938
    2918
    2890
    2902
    2901
    2952
    2938
    2918
    2975
    2934
    2917
    2872
    2979
    2982
    2922
    2939
    2888
    3006
    2903
    2918
    2951
    2948
    2914
    2991
    2937
    2854
    3003
    2905
    2940
    2946
    2880
    2908
    2905
    2964
    2972
    2856
    2885
    2971
    2914
    2986
    2879
    2854
    2815
    2939
    2918
    2933
    2908
    2890
    2891
    2881
    2945
    2881
    2969
    2915
    2890
    2904
    2914
    2828
    2940
    2912
    2969
    3043
    2963
    2926
    2891
    2955
    2887
    2996
    2923
    2942
    2907
    2874
    2989
    2916
    2957
    2934
    2951
    2974
    2871
    2899
    2945
    2910
    2845
    2856
    2929
    2897
    2909
    2982
    2929
    2969
    2864
    2966
    2938
    2914
    3025
    2832
    2904
    2935
    2871
    2969
    2883
    2979
    2884
    2935
    3041
    2971
    2961
    2979
    2970
    2887
    2975
    2940
    2962
    2853
    2891
    3058
    3026
    2886
    2959
    2957
    2930
    3000
    2936
    2930
    2842
    2920
    2951
    2997
    2847
    2800
    2948
    2922
    2925
    2916
    2829
    2940
    2929
    2924
    2978
    2912
    2905
    2947
    2868
    2910
    2888
    2933
    2982
    2887
    3016
    2871
    2916
    2981
    3028
    2909
    2953
    2933
    2902
    2910
    3039
    2852
    2940
    2882
    3019
    2969
    2899
    2914
    2921
    2964
    2951
    2889
    2901
    2892
    2868
    2917
    2875
    2957
    2891
    3018
    3026
    2936
    2911
    2963
    2859
    2999
    2941
    2885
    2952
    2899
    2990
    2907
    3013
    2967
    2908
    2860
    2916
    2937
    2908
    2909
    2889
    2959
    2905
    2930
    2865
    2898
    2822
    2905
    2925
    2944
    3023
    2948
    2982
    2943
    2857
    2904
    2956
    2943
    2913
    2902
    2947
    2885
    2890
    2970
    2957
    2950
    2912
    2950
    2883
    2925
    2904
    2965
    2917
    2972
    3013
    2892
    2974
    3065
    2948
    2891
    2958
    2927
    2852
    3023
    2914
    2866
    2843
    2922
    2984
    2965
    2859
    2897
    3023
    2947
    2909
    2931
    2973
    2840
    2948
    2984
    2968
    2915
    2979
    2877
    2926
    2937
    2837
    2935
    3012
    2941
    2958
    2967
    2958
    2953
    2963
    2952
    2959
    2942
    2913
    2850
    2874
    2916
    2939
    2901
    2982
    2879
    2944
    2908
    2952
    2929
    2893
    2989
    2981
    2974
    2935
    2884
    2881
    2892
    2917
    2906
    2939
    2968
    2954
    2911
    3017
    2977
    2857
    2939
    2969
    2926
    2916
    2966
    2820
    2867
    2945
    2952
    2960
    2934
    2985
    2939
    2917
    3025
    2918
    2912
    2948
    2860
    2947
    2917
    2900
    2919
    2916
    3013
    2900
    2921
    2876
    2900
    2874
    2979
    2943
    2950
    2966
    3017
    2979
    2992
    2883
    3020
    2921
    2849
    2939
    2949
    2848
    2953
    3012
    2865
    2866
    2899
    2973
    2880
    3002
    3027
    2968
    2960
    2979
    2940
    3035
    2939
    2849
    2842
    2964
    3019
    3058
    2969
    2940
    2900
    2938
    2892
    2886
    2929
    2970
    2932
    2988
    2921
    2985
    2858
    2942
    2934
    2922
    2968
    2885
    2957
    2938
    2909
    2933
    3052
    2872
    2981
    2880
    2923
    2962
    2892
    2936
    2990
    2950
    2983
    2917
    2828
    2906
    2881
    2997
    2981
    3027
    2879
    2995
    2952
    2960
    2990
    2898
    2956
    2923
    2932
    2895
    3023
    2937
    2931
    2881
    2929
    2829
    2903
    2881
    2955
    2970
    2967
    2853
    2871
    2928
    2863
    2848
    2879
    2920
    2897
    2907
    2915
    2943
    2858
    2958
    2976
    2906
    2951
    2935
    3007
    2911
    2942
    2916
    3041
    2919
    2956
    3012
    2908
    2902
    2838
    3036
    2933
    2951
    2990
    2905
    2872
    2953
    3031
    2851
    3002
    2896
    2906
    2910
    2859
    2960
    2985
    2947
    2962
    2862
    2946
    2955
    2989
    2928
    2949
    2884
    2897
    2955
    2922
    2978
    2974
    2962
    2896
    2989
    2943
    2961
    2900
    2967
    2901
    2876
    2954
    3004
    2990
    2958
    2921
    2920
    2910
    2929
    2881
    3009
    2917
    2908
    2931
    2943
    2900
    2942
    2923
    2910
    2865
    2948
    3017
    2900
    2970
    2839
    2947
    2963
    2941
    3035
    2892
    2939
    3010
    2884
    2877
    2969
    2819
    3000
    2874
    3003
    2942
    2963
    2946
    2886
    2903
    2899
    2968
    2943
    2972
    2963
    2884
    2964
    2937
    2922
    2864
    2823
    2973
    2931
    3019
    2834
    2870
    2931
    2896
    2914
    2940
    2908
    2889
    2958
    2946
    2898
    2839
    2974
    2889
    2923
    2911
    2949
    2965
    2900
    2930
    2933
    2921
    2869
    2974
    2942
    2931
    2936
    2956
    2933
    2940
    2975
    2938
    2946
    2928
    2922
    3034
    2887
    2921
    2953
    2904
    2939
    2880
    2906
    2920
    2918
    2938
    2975
    2905
    3050
    2944
    2948
    2931
    2891
    2877
    2910
    2874
    2978
    2903
    2898
    2935
    2956
    2950
    2942
    2934
    2966
    2964
    2972
    2939
    2905
    2924
    2925
    2977
    2959
    2880
    2856
    2884
    2953
    2937
    2926
    2917
    2848
    2970
    2914
    2867
    2925
    2879
    2955
    2984
    2909
    3012
    2912
    2940
    2961
    2919
    2985
    2934
    2964
    2835
    2994
    2975
    2878
    2894
    2960
    2988
    2913
    2923
    2957
    2869
    2866
    2965
    2928
    2881
    2886
    2791
    2950
    2930
    3061
    2983
    2932
    2910
    2983
    2912
    2943
    2923
    2893
    2880
    2968
    2881
    2788
    2948
    3026
    2955
    2870
    2879
    2953
    2955
    2987
    2917
    2919
    2936
    2878
    2897
    2935
    2933
    2881
    2957
    2987
    2967
    2970
    3032
    2935
    2847
    2905
    2934
    2919
    2963
    2923
    2969
    2952
    2984
    2866
    2894
    2959
    2969
    2872
    2896
    2892
    3008
    2989
    3066
    2841
    2896
    2950
    2974
    2940
    3000
    2948
    2938
    2903
    2954
    2935
    2942
    2969
    2945
    2953
    2976
    2887
    2943
    2959
    2912
    2886
    2919
    2927
    2927
    2917
    2901
    2927
    3009
    2962
    2984
    2949
    2981
    2891
    2867
    2893
    2910
    2917
    2921
    2966
    2907
    3014
    3007
    2919
    2892
    2867
    3018
    2956
    2988
    2950
    2866
    2868
    2790
    2990
    2840
    2927
    2918
    2948
    2985
    2872
    2954
    2913
    2852
    2923
    2950
    2896
    2959
    2896
    2940
    2914
    2998
    2885
    2941
    3006
    2865
    2960
    3012
    2913
    3001
    2980
    3027
    2999
    2922
    3011
    2866
    2950
    2878
    2921
    2885
    2862
    2877
    2907
    2946
    2932
    2922
    2929
    2887
    2956
    2918
    2928
    2894
    3011
    2883
    2943
    2940
    2916
    2943
    2950
    2945
    2963
    2913
    3011
    2953
    2903
    2958
    2828
    2888
    2872
    2921
    2924
    2961
    2917
    2910
    2883
    2966
    3088
    2992
    2906
    3009
    2918
    2934
    2960
    2979
    2962
    2917
    2858
    2967
    2964
    2975
    2912
    2934
    2946
    2983
    2929
    3023
    2883
    2817
    2921
    2900
    2992
    2896
    2897
    2960
    2901
    3009
    2913
    2928
    2954
    2915
    2959
    2921
    2935
    2896
    2999
    2853
    2932
    2973
    2909
    2955
    3013
    2864
    2889
    2839
    2968
    2901
    2913
    2894
    2960
    2964
    2976
    2827
    2994
    2930
    2762
    3013
    2853
    2915
    2957
    2972
    2952
    2994
    2934
    2900
    2914
    2944
    3003
    2979
    2930
    2926
    2916
    2901
    2911
    2891
    2890
    2946
    2869
    2910
    2909
    2967
    2939
    2966
    2939
    2902
    2913
    2931
    2853
    2925
    2948
    3007
    2940
    2982
    2852
    2969
    2897
    2960
    2923
    2890
    2922
    2857
    2922
    2938
    2964
    2923
    2836
    2883
    2912
    3011
    2900
    2963
    2989
    2862
    2909
    2956
    2954
    2758
    2927
    2948
    2928
    2912
    2966
    2840
    2941
    2932
    2963
    2968
    3006
    3018
    2983
    2853
    2930
    2970
    2911
    2925
    2961
    2958
    2881
    2970
    2934
    2853
    2907
    2953
    2906
    2928
    2997
    2946
    2963
    2954
    2887
    3000
    2902
    2918
    2868
    2951
    2874
    2980
    2957
    2941
    2935
    2921
    2932
    2943
    2975
    2938
    2940
    2909
    2954
    2934
    2964
    2918
    2971
    2998
    2882
    2875
    3035
    2882
    3019
    2981
    2901
    2951
    2914
    2864
    2985
    2860
    2789
    2954
    2908
    2941
    2890
    2944
    2898
    2962
    2931
    2933
    2905
    2936
    2915
    2922
    2989
    3017
    3024
    2951
    2910
    2938
    2923
    2961
    2865
    2835
    2930
    2887
    2939
    2971
    2977
    2922
    2874
    2892
    2923
    2972
    2895
    2837
    2908
    2927
    2940
    2915
    2979
    2893
    2971
    2935
    2976
    2938
    2963
    2892
    2931
    2924
    3020
    2854
    2974
    2843
    2866
    2940
    2906
    2943
    2919
    2917
    3010
    2930
    2884
    2992
    2918
    3072
    2891
    2848
    2933
    2911
    3006
    2888
    2854
    2983
    2847
    3018
    2848
    2989
    2962
    2888
    2929
    2966
    2903
    2848
    2974
    3045
    2998
    2907
    2891
    2937
    2954
    2991
    2978
    2956
    2923
    2961
    2919
    2965
    2868
    3060
    2943
    2956
    2969
    3017
    2872
    2907
    2952
    2913
    2870
    3034
    3058
    2995
    2872
    2960
    2974
    2914
    2914
    3001
    2980
    2787
    2961
    2906
    2922
    2892
    2885
    2950
    2966
    2975
    2934
    2907
    2854
    2818
    2940
    2990
    2935
    2894
    2924
    2992
    2930
    2894
    2875
    2901
    2948
    2937
    2932
    2945
    2884
    2863
    2893
    2946
    3003
    2946
    2893
    3012
    2946
    2911
    2858
    2920
    2901
    2940
    3010
    2913
    2971
    2906
    2939
    2935
    2971
    2891
    2922
    2825
    2966
    3004
    2937
    3018
    2916
    2924
    2901
    3032
    2865
    2977
    2917
    2911
    2918
    2882
    2945
    3014
    2946
    2958
    2858
    2828
    2967
    2927
    2898
    3032
    2948
    2883
    2851
    2917
    2966
    2941
    2863
    2923
    2973
    2853
    2974
    2980
    2970
    2900
    2880
    2932
    2981
    2991
    2892
    2973
    3006
    2884
    2885
    2944
    2942
    2918
    2935
    2940
    2890
    2972
    2921
    2956
    2983
    2855
    3009
    2909
    2979
    2918
    2903
    2976
    2930
    3000
    2974
    3006
    2868
    2893
    2898
    2959
    2949
    2964
    2927
    2967
    3014
    2959
    3026
    2923
    2938
    2912
    3009
    2929
    2938
    2848
    2900
    2954
    2924
    2898
    2930
    2934
    2968
    2973
    2858
    3077
    2876
    2890
    2931
    2942
    2908
    3022
    2908
    2875
    2927
    2865
    2887
    2867
    2850
    2948
    2911
    2927
    2846
    2967
    2891
    2925
    2931
    2954
    2938
    2897
    2955
    2945
    2908
    3038
    2909
    2899
    2986
    3051
    2989
    2898
    2937
    2993
    2891
    2991
    2910
    2892
    2944
    2927
    2980
    2898
    2995
    2951
    2952
    2925
    2932
    2876
    2917
    2889
    2924
    2964
    2894
    2946
    2971
    2878
    2866
    2952
    2900
    2912
    2954
    2893
    2982
    2944
    2900
    2942
    2924
    2904
    2882
    2908
    2970
    2947
    2974
    2942
    2938
    2903
    2904
    2920
    2999
    2893
    2929
    2921
    2988
    2980
    2953
    2914
    2942
    2831
    2904
    2932
    2895
    2962
    2931
    2892
    2955
    2964
    2927
    2918
    3018
    3043
    2958
    2910
    2877
    2920
    2921
    2949
    2939
    2955
    2957
    2879
    2974
    2873
    2951
    2891
    2924
    2931
    2892
    2883
    2973
    2879
    2965
    2955
    2899
    3025
    2979
    2938
    2962
    2943
    2942
    2908
    3102
    2931
    2953
    2910
    2963
    2909
    2936
    3019
    2884
    2911
    2889
    2886
    2876
    2963
    2855
    2909
    2932
    2970
    2911
    2892
    2898
    2911
    2901
    2971
    2929
    2923
    2920
    2940
    3023
    2864
    2920
    2839
    2960
    2903
    2933
    2961
    2978
    2794
    2922
    2925
    2945
    2900
    3036
    2914
    2857
    2929
    2990
    2957
    2992
    2989
    2920
    3054
    2904
    2916
    2920
    2962
    2934
    2906
    2835
    2968
    2902
    3022
    2918
    2989
    2834
    2862
    2866
    2886
    2956
    2990
    3021
    2896
    2918
    2991
    2976
    2788
    2974
    2916
    2917
    2972
    2861
    2970
    2998
    2905
    2851
    2920
    2952
    2912
    3041
    2954
    2995
    2973
    2974
    2934
    3021
    2955
    2928
    2852
    2876
    2813
    2926
    2951
    3008
    2941
    2940
    2950
    3025
    2904
    3038
    2912
    2855
    2947
    2926
    2933
    2969
    2933
    2856
    2853
    2943
    2988
    2954
    2933
    2826
    2948
    2972
    2935
    2934
    2899
    2983
    2890
    2950
    2862
    2916
    2895
    2940
    2976
    2935
    2875
    2886
    2935
    2878
    2999
    2953
    2908
    2902
    2990
    2834
    2999
    2959
    2970
    3025
    2998
    2917
    2952
    2919
    2933
    2893
    2885
    3006
    2952
    2915
    2890
    2865
    2951
    2945
    2948
    2991
    2985
    2923
    2911
    2995
    3020
    2935
    2905
    2925
    2901
    2872
    2947
    2948
    2925
    2979
    2962
    2948
    2862
    2934
    2900
    2937
    2854
    2912
    2963
    2926
    2928
    2885
    2914
    3020
    2918
    2884
    2935
    2931
    2942
    2892
    2920
    2952
    2909
    2892
    2931
    2892
    2883
    2902
    2842
    2955
    2992
    2913
    2990
    2993
    2866
    2963
    2904
    2976
    3000
    2916
    2863
    2899
    2889
    2933
    2935
    2935
    2891
    2855
    2891
    2945
    2948
    2877
    2830
    2925
    2920
    2903
    2894
    2930
    2928
    2889
    2966
    2872
    2882
    2978
    2896
    3035
    2920
    2908
    2906
    2924
    2951
    3020
    2928
    2989
    2964
    2888
    2964
    2989
    2866
    2998
    2868
    2881
    2971
    2917
    2934
    2930
    2977
    2855
    2931
    2988
    2881
    2964
    2848
    2978
    2915
    2833
    2891
    2945
    2919
    2963
    2992
    2969
    2911
    2977
    2946
    2888
    2935
    2976
    2945
    2910
    2896
    3015
    2908
    2931
    2956
    2975
    2904
    2976
    2904
    3001
    2948
    3003
    2850
    2889
    2907
    2890
    2873
    2881
    2838
    2942
    2988
    2949
    3003
    2913
    2909
    3019
    2961
    2991
    2991
    2949
    2913
    2902
    2912
    2967
    3013
    2872
    2928
    3028
    2938
    2864
    2952
    2953
    2861
    3048
    2915
    2847
    2907
    2990
    2949
    2897
    2922
    2942
    2957
    2896
    2915
    2996
    2888
    2961
    2976
    2925
    2943
    2944
    2844
    2943
    3036
    2967
    2969
    2938
    2930
    2910
    2957
    2890
    2928
    2992
    2986
    2942
    2869
    2944
    2873
    2890
    2883
    2987
    2891
    2953
    2991
    2974
    2946
    2841
    2938
    2980
    2936
    2881
    2908
    2940
    2907
    2889
    2990
    2897
    2943
    3005
    2940
    3021
    2927
    2967
    2999
    2852
    2910
    2991
    2893
    2872
    2857
    2994
    2905
    2913
    2869
    2955
    2892
    2944
    3007
    2909
    2922
    2869
    2934
    2849
    3025
    3049
    2903
    2946
    2964
    2930
    2962
    2855
    3046
    2884
    2936
    2961
    2947
    2963
    2983
    2965
    2904
    2879
    2939
    2873
    2799
    2902
    2941
    2922
    2895
    3009
    2932
    2872
    2956
    2879
    2897
    2865
    2896
    2897
    2901
    2962
    2925
    2914
    2899
    2924
    2978
    2943
    2831
    2930
    2871
    2837
    2899
    3020
    2932
    2931
    2921
    2920
    2934
    2964
    2941
    2873
    2969
    2996
    2907
    2850
    2966
    2977
    2924
    2903
    2907
    2961
    2979
    2962
    3007
    2815
    2883
    2902
    2906
    2986
    3009
    2847
    3013
    2802
    2976
    2987
    2946
    2952
    2919
    2860
    2893
    2916
    2976
    2903
    2975
    2996
    2953
    3002
    3009
    2924
    2985
    2871
    2979
    2898
    2962
    2937
    2948
    2891
    2845
    2979
    2920
    2938
    2951
    2821
    2949
    3015
    2899
    2906
    2904
    2950
    2929
    2970
    2918
    2948
    2897
    2915
    2984
    2924
    2871
    2999
    2772
    2973
    2932
    2952
    2944
    2898
    2837
    2961
    2940
    2903
    3016
    2878
    2925
    2922
    2949
    2925
    2928
    2994
    2884
    2905
    2864
    2954
    2977
    3000
    2979
    2924
    2950
    2980
    2947
    2930
    2928
    2945
    2965
    2969
    2861
    2969
    2941
    2979
    2885
    2960
    2876
    2974
    3049
    2863
    2904
    2934
    2949
    2957
    2883
    2940
    2918
    2942
    2984
    3037
    2894
    2877
    2842
    2923
    2946
    3034
    2944
    2982
    3025
    2864
    2921
    2947
    2923
    3037
    2960
    2986
    2884
    2928
    2881
    2988
    2961
    2986
    2979
    2856
    2921
    3028
    2846
    2960
    2906
    2945
    2972
    2942
    2941
    2858
    2890
    2998
    2964
    2864
    2948
    2898
    2958
    2903
    2951
    2896
    2850
    2943
    2907
    2814
    2906
    2913
    2875
    2942
    2944
    2917
    2964
    2830
    2881
    2954
    3001
    2967
    2999
    2948
    2892
    2900
    2953
    2908
    2953
    2882
    2949
    2987
    2902
    2992
    2926
    2897
    2905
    3034
    2939
    2944
    2835
    2916
    2876
    2953
    2857
    2969
    2902
    2895
    2944
    2968
    2886
    2976
    2895
    2961
    2875
    2942
    2987
    3047
    2879
    2941
    2842
    2955
    2950
    3026
    2966
    2845
    2944
    2920
    2875
    2916
    2925
    2939
    2989
    3005
    2962
    2915
    2962
    2910
    2968
    2885
    3107
    2890
    2980
    2957
    2896
    2885
    2919
    3050
    2979
    2888
    2846
    2888
    2947
    2984
    2959
    2976
    2963
    2983
    2900
    2878
    2978
    2930
    2962
    2924
    2917
    2934
    3048
    2880
    2908
    2887
    2926
    2908
    2882
    2992
    2933
    2973
    2873
    2922
    2956
    2930
    2902
    2948
    2937
    2981
    2946
    2964
    2912
    2870
    2891
    2992
    2973
    3013
    2856
    2857
    2934
    2985
    2976
    2948
    2834
    3031
    2830
    2946
    2960
    2930
    2971
    2920
    2914
    3000
    2909
    2960
    2952
    2961
    2974
    3019
    2939
    3025
    2885
    2988
    2852
    2947
    2947
    2953
    3030
    2879
    2845
    2969
    2908
    2965
    2933
    2932
    2920
    2918
    2874
    2960
    2955
    2969
    2902
    3032
    2949
    3046
    2870
    2939
    2975
    2916
    2925
    2968
    2832
    2933
    2928
    2962
    2869
    2858
    2938
    2965
    2784
    2972
    2926
    2967
    2883
    2934
    3010
    2957
    2916
    2948
    2882
    2938
    2925
    2900
    2857
    2840
    2926
    2936
    2957
    2918
    2883
    2914
    2919
    3004
    2887
    2998
    2846
    2869
    2923
    2935
    2910
    2917
    2906
    2994
    2889
    2975
    2837
    2870
    2903
    2872
    2893
    2987
    2972
    2863
    2851
    2951
    2904
    2905
    2861
    2920
    2947
    2837
    3018
    2848
    2942
    2903
    2881
    2953
    2861
    2952
    2966
    2919
    2938
    2915
    3034
    2892
    2930
    2923
    2911
    2920
    2952
    2971
    2978
    2940
    2970
    2963
    2953
    2897
    2951
    3018
    2913
    2987
    3009
    2962
    2990
    2968
    2963
    2936
    2936
    2881
    2978
    2957
    2870
    2980
    2914
    2860
    2958
    2886
    2948
    2951
    2950
    2986
    2892
    2871
    2870
    2912
    2849
    2972
    2904
    2945
    2898
    2882
    2898
    2816
    2870
    2938
    2924
    2961
    2967
    2893
    2900
    2959
    2924
    2925
    2960
    2890
    2935
    2913
    2934
    2906
    2961
    2892
    2882
    2912
    2963
    2942
    2933
    2964
    2944
    2978
    2952
    2940
    2934
    2986
    2947
    2905
    2864
    2908
    2837
    2912
    2933
    2965
    2956
    2892
    2857
    2936
    2853
    2876
    2916
    2942
    2929
    2957
    2990
    2942
    2850
    2872
    2973
    2894
    2956
    2838
    3018
    2910
    2986
    2955
    2955
    2925
    2936
    2989
    2985
    2892
    2950
    2930
    2917
    3015
    2998
    3017
    2857
    2913
    2855
    3005
    2898
    2836
    2917
    2951
    2875
    3022
    2884
    2944
    3025
    2862
    2896
    2930
    2942
    2875
    2931
    2867
    2931
    3030
    2899
    2873
    2882
    2888
    2883
    2910
    3005
    2930
    2967
    2911
    2958
    2848
    3021
    2994
    2962
    2895
    2934
    2846
    2924
    2907
    2903
    2944
    2888
    2925
    2883
    2964
    2942
    2933
    2999
    2949
    2907
    2939
    2983
    3048
    3043
    2950
    2873
    2912
    2912
    2921
    2911
    2937
    2953
    2952
    2878
    2930
    2914
    2875
    2912
    2941
    2905
    2942
    2849
    2855
    2908
    3000
    2955
    2898
    2984
    2885
    2866
    2862
    2931
    2935
    2923
    2901
    2979
    2957
    2946
    2933
    2935
    2878
    3011
    2978
    2941
    2950
    2909
    2930
    2885
    2946
    2889
    2846
    2932
    2837
    2974
    2962
    2853
    2903
    2966
    3027
    2922
    2973
    2982
    2920
    2932
    2885
    2867
    2921
    3003
    2967
    2878
    2941
    2905
    3006
    2975
    2980
    2866
    2941
    2881
    2871
    2953
    2946
    2949
    2944
    2887
    2986
    2915
    2949
    2829
    2966
    2972
    2902
    2917
    2959
    2974
    2954
    2908
    2950
    2968
    2958
    2980
    2998
    2914
    2910
    2896
    2992
    2882
    2979
    2914
    2958
    3032
    2921
    3030
    2863
    2917
    2801
    2972
    2931
    2967
    2997
    2879
    2913
    2953
    2966
    2981
    2884
    2922
    2917
    2911
    2957
    2952
    2894
    2925
    2862
    2974
    2954
    2983
    2971
    2892
    2905
    2909
    2920
    2846
    3023
    2907
    2913
    2932
    2893
    2889
    2911
    2962
    2954
    2930
    2981
    2992
    2881
    2911
    2887
    2886
    2953
    3020
    2879
    2813
    2898
    2919
    2884
    2975
    2992
    2899
    2951
    2902
    2926
    2901
    2932
    2990
    2927
    2895
    2968
    2976
    2915
    2926
    2934
    2915
    2894
    2842
    2910
    2993
    2891
    2928
    2981
    2975
    2929
    2832
    2893
    2873
    2958
    2976
    2893
    2970
    2932
    2961
    2878
    2912
    2897
    2986
    2935
    2898
    2953
    2927
    2962
    2976
    2949
    2957
    3009
    2983
    2856
    2897
    2903
    3009
    2859
    2927
    2937
    3082
    2976
    2948
    2965
    2979
    2993
    2891
    2945
    2909
    2948
    2861
    2878
    3043
    2843
    2888
    2855
    2923
    2931
    2950
    2902
    2948
    2896
    2907
    2975
    2859
    3019
    2848
    2948
    2901
    2840
    2924
    2927
    2900
    2932
    2893
    2934
    2919
    2924
    2974
    2875
    2921
    2914
    2848
    2988
    2852
    2975
    2863
    2960
    2984
    2959
    2897
    2946
    2982
    2971
    2980
    2970
    2890
    2932
    2926
    2922
    2957
    2947
    2918
    2908
    2943
    2947
    2983
    3001
    3006
    2959
    2863
    2886
    2858
    2870
    2838
    2994
    2894
    2977
    2979
    2956
    2905
    3015
    2907
    2958
    2901
    2983
    2869
    2858
    2858
    3070
    2951
    2946
    2919
    2911
    2899
    3005
    2980
    2892
    2992
    2915
    3006
    2925
    2905
    2969
    2906
    3025
    2940
    2991
    2963
    2928
    2939
    2847
    2933
    2900
    2940
    2982
    2927
    2935
    2878
    2939
    2942
    2954
    2914
    3011
    2913
    2899
    2867
    2879
    2906
    2897
    2952
    2926
    2948
    2882
    2852
    2925
    2889
    2937
    3000
    2955
    3030
    2950
    2982
    2912
    2827
    2918
    2941
    2999
    2967
    2918
    2930
    2941
    2841
    3037
    2839
    2872
    2986
    2925
    2978
    2907
    2928
    2926
    2890
    2902
    2947
    2991
    2932
    2957
    3012
    2965
    2901
    2924
    2965
    2951
    2917
    2966
    2939
    2939
    2838
    2880
    2973
    2949
    2937
    2935
    2947
    2886
    3006
    2931
    2915
    2937
    3009
    2982
    2927
    2891
    2886
    2926
    3001
    2903
    2952
    2959
    2914
    2944
    2927
    2897
    3002
    2952
    3012
    2868
    2969
    2873
    2906
    2893
    2953
    2910
    3008
    2933
    3028
    2904
    2880
    2880
    2891
    2910
    2969
    2987
    2963
    2912
    2819
    2993
    2960
    2913
    2955
    2952
    2992
    2929
    2877
    3044
    2908
    2811
    3009
    2814
    2877
    3013
    2955
    2933
    2987
    2953
    2863
    2949
    2869
    2866
    2843
    2939
    2924
    2937
    2858
    2903
    2907
    2947
    2889
    2900
    2890
    3009
    2981
    2938
    2954
    2982
    2953
    2969
    2869
    2887
    2923
    2957
    2948
    2981
    2939
    2895
    2961
    2916
    2837
    2914
    2967
    2875
    2903
    2959
    2970
    2879
    2982
    2979
    2986
    2932
    3007
    2940
    2944
    2923
    2969
    2933
    2859
    2970
    2877
    2860
    2928
    2901
    2877
    2808
    2928
    2989
    2928
    2923
    2961
    2918
    2837
    2972
    2931
    2923
    2912
    2964
    2938
    2951
    2923
    2889
    2925
    2978
    2940
    2913
    2961
    2949
    2929
    2783
    2975
    2990
    2886
    2997
    2938
    2964
    2918
    2854
    2900
    2903
    2818
    2895
    2858
    2890
    2901
    2975
    2860
    3012
    2970
    2855
    2994
    2895
    2855
    3008
    2980
    2850
    2966
    2982
    2847
    2948
    2960
    2964
    2911
    2870
    2954
    2928
    2917
    2939
    2979
    2850
    2866
    3018
    2963
    2918
    3005
    2966
    2864
    2972
    2944
    2919
    2975
    2922
    2858
    2928
    2907
    2991
    2889
    2916
    3013
    2982
    2941
    3016
    2947
    2934
    2897
    3014
    3015
    2912
    2929
    2959
    2949
    2930
    2898
    2898
    2910
    2946
    2933
    2914
    2806
    2970
    2895
    2947
    2910
    2847
    2945
    2927
    3029
    2901
    2827
    2989
    2936
    2966
    2972
    2878
    2910
    2891
    2918
    2953
    2849
    2872
    2929
    2920
    3004
    2999
    2945
    2994
    2936
    2984
    2931
    2941
    2892
    2923
    2897
    2941
    2954
    2888
    2901
    2890
    2865
    2946
    2991
    2958
    2865
    2882
    2990
    2951
    2899
    2893
    3090
    2876
    2842
    2925
    2880
    2906
    2909
    2881
    2893
    3014
    2941
    2914
    3006
    2977
    2976
    2892
    2947
    2911
    2935
    2954
    2920
    2931
    2976
    2906
    2909
    3032
    2951
    2875
    2950
    2929
    2936
    2864
    2823
    2990
    2925
    2952
    2996
    2926
    2892
    2930
    2913
    2934
    2993
    2979
    2923
    2886
    2930
    2972
    2950
    2830
    2894
    3014
    2964
    2884
    2953
    2924
    2936
    2875
    2968
    2850
    2890
    2935
    2852
    2948
    2878
    2940
    2898
    2921
    2998
    2867
    3058
    2881
    2991
    2994
    2904
    2903
    2908
    2967
    2885
    2856
    2942
    2871
    2878
    2873
    2914
    2930
    2914
    2967
    2978
    2948
    2926
    2961
    2894
    2955
    2887
    2863
    2996
    2976
    3006
    2955
    2969
    2852
    2882
    3002
    2822
    2885
    2928
    2927
    2817
    2988
    2958
    2934
    2943
    3015
    2911
    2941
    2957
    2823
    2962
    2945
    2901
    2939
    2970
    2968
    2931
    2951
    2920
    2896
    2883
    2963
    2926
    3031
    2960
    2893
    2916
    2915
    2978
    2936
    2900
    2890
    2914
    2995
    2966
    2954
    2952
    2943
    2937
    2956
    2928
    2914
    2963
    2903
    2935
    2863
    2925
    2919
    2913
    3028
    2930
    2914
    2941
    2869
    2963
    2879
    2884
    2872
    2964
    2917
    2885
    3027
    2989
    2983
    2898
    3003
    2926
    2958
    2916
    2906
    2964
    2956
    3024
    3013
    2874
    2969
    2947
    2887
    2888
    2826
    2937
    2972
    2995
    2902
    2854
    2875
    2848
    2971
    2887
    3030
    2976
    2955
    2889
    2904
    2953
    2886
    2879
    2963
    2919
    2918
    2877
    2923
    2803
    2911
    2943
    3043
    2921
    2982
    2909
    2852
    3041
    2931
    2931
    2904
    2915
    2952
    2973
    2937
    2910
    2860
    2913
    2936
    2808
    2898
    2903
    2848
    2860
    2902
    2925
    2916
    2942
    3017
    2904
    2966
    2952
    2918
    2911
    2936
    2857
    2926
    3018
    2924
    2946
    2860
    2898
    3054
    2836
    2964
    2954
    2934
    2867
    2862
    2883
    2876
    2929
    2939
    3021
    2918
    2983
    2965
    2865
    2905
    2882
    2962
    3040
    2842
    2964
    2926
    2977
    2949
    2940
    2925
    3020
    2898
    2885
    2909
    2914
    2994
    2985
    2949
    2967
    2984
    2868
    2870
    3011
    2952
    2891
    2961
    3060
    2886
    2961
    2976
    2909
    2890
    2795
    2915
    3024
    3007
    2995
    2970
    2969
    2921
    2907
    3003
    2927
    2944
    2985
    2897
    2919
    2907
    2961
    2894
    2978
    2880
    2922
    2818
    2920
    2989
    2867
    2945
    2892
    2871
    2953
    2864
    2964
    2852
    2926
    2952
    2910
    2973
    2965
    2877
    2983
    2953
    2956
    3001
    2989
    2866
    2974
    2941
    2939
    2834
    2927
    2983
    2936
    2939
    2946
    3033
    2812
    2941
    2939
    2968
    2970
    2895
    2937
    2951
    2961
    2968
    2940
    2889
    2990
    3044
    2924
    2914
    2937
    2950
    2970
    2939
    2946
    2980
    2905
    2979
    2920
    2820
    2964
    2968
    2943
    2808
    2898
    2980
    2855
    2890
    2871
    2963
    2866
    2885
    2896
    2954
    3010
    2897
    2991
    2844
    2978
    2905
    2843
    2867
    2897
    2869
    3030
    2912
    2870
    2946
    3028
    2915
    2896
    2992
    2850
    3048
    2923
    2953
    2881
    2939
    2966
    2893
    2883
    2910
    2882
    2905
    2996
    2983
    2853
    2856
    2944
    3015
    2989
    2963
    2938
    2913
    2946
    2915
    2938
    2990
    2937
    2931
    2914
    2984
    2916
    2906
    2906
    2973
    2962
    2894
    2898
    2956
    2931
    2896
    2946
    2952
    2983
    3000
    2936
    2917
    2930
    2960
    2988
    2917
    2974
    2872
    2998
    2917
    2825
    2846
    2914
    2844
    2883
    2985
    2875
    2927
    2965
    2933
    3000
    2918
    2951
    2904
    2942
    2937
    2948
    2922
    2909
    2914
    2977
    2920
    2969
    2943
    2992
    2882
    2912
    2893
    2919
    2966
    2883
    2901
    2993
    2904
    2950
    2923
    2991
    2949
    2967
    2921
    2825
    2917
    2886
    2923
    2929
    2893
    2872
    2877
    3006
    2901
    2961
    2967
    2821
    2942
    2912
    2918
    2963
    2962
    2877
    2988
    2863
    2957
    2907
    2888
    3041
    2885
    2851
    2965
    2938
    2974
    2901
    2945
    2943
    2896
    2977
    2900
    2838
    2853
    2951
    3028
    2894
    2935
    3038
    2881
    2928
    3008
    2999
    2811
    2958
    2960
    2856
    2934
    2978
    2825
    2946
    2951
    2920
    2999
    3006
    2927
    2993
    2879
    2879
    3003
    2861
    2950
    2986
    2909
    2847
    2889
    2943
    2945
    2896
    2963
    2892
    3069
    2883
    2899
    2993
    2900
    2911
    2954
    2940
    2923
    2955
    2896
    2941
    2941
    2938
    2890
    2885
    2882
    2939
    2933
    2818
    2962
    2928
    2963
    2865
    2956
    2894
    2908
    2938
    2898
    2985
    2907
    2949
    2940
    2854
    2971
    2899
    2954
    2913
    2963
    2875
    2939
    2963
    2883
    3004
    2881
    2929
    2816
    2921
    3014
    2959
    2953
    2889
    2896
    2979
    2961
    2984
    2922
    2921
    3025
    3008
    2931
    2882
    2956
    2921
    2856
    2981
    2914
    3007
    2886
    2960
    2918
    2919
    2864
    2967
    2910
    2983
    2961
    2925
    2893
    2926
    2898
    2918
    3005
    3060
    2827
    3009
    3051
    2892
    3035
    2943
    2921
    2935
    2923
    2951
    2945
    3002
    2916
    2941
    2943
    2952
    3020
    2843
    2908
    2867
    2892
    2923
    2939
    2931
    2993
    2925
    3042
    2944
    2914
    2938
    3049
    2971
    2896
    3035
    2931
    2978
    2894
    2976
    2979
    2919
    2913
    2929
    2947
    2968
    2857
    2941
    2958
    2887
    3027
    2815
    2906
    2928
    2882
    2912
    2980
    2957
    2978
    2883
    2892
    3024
    2907
    2912
    2918
    2962
    2977
    2908
    2881
    2890
    2925
    2816
    2944
    2903
    2921
    2885
    2910
    2991
    2920
    3018
    2947
    2901
    2929
    2990
    2884
    2986
    2948
    2901
    2965
    2882
    2939
    2904
    2935
    2987
    2865
    2867
    2922
    2972
    2857
    2961
    2908
    2931
    2897
    2901
    2954
    2908
    2915
    2914
    2940
    2912
    3007
    2881
    2765
    2938
    2931
    2917
    2949
    2934
    3001
    2931
    2894
    2943
    2890
    2992
    2985
    2994
    2949
    2906
    2884
    2997
    2936
    2935
    2976
    2949
    2946
    2919
    2995
    2857
    2876
    2947
    2843
    2893
    2985
    2886
    2931
    2934
    2947
    2915
    2960
    2961
    2896
    2887
    2928
    2969
    2873
    2920
    2919
    3045
    2854
    2854
    2942
    2892
    2895
    2941
    2981
    3029
    2999
    2906
    2905
    2903
    2879
    2878
    2917
    2948
    2958
    2897
    2965
    2970
    2919
    2970
    2940
    2949
    2855
    2922
    2976
    2866
    2963
    2917
    2926
    2941
    2837
    2950
    2866
    2932
    2896
    2967
    2923
    2893
    2944
    3005
    2854
    2880
    2938
    2944
    2945
    2927
    2899
    2947
    2893
    2934
    2964
    2939
    3016
    2923
    2935
    2874
    2934
    2948
    2997
    2870
    2945
    2955
    2977
    2902
    2982
    2914
    2934
    2956
    2892
    2936
    3018
    2829
    2984
    2973
    2943
    2909
    2964
    2863
    3038
    2876
    2946
    2988
    2895
    2935
    2867
    2972
    2964
    2944
    2920
    2820
    2927
    2904
    2923
    2850
    2996
    2899
    3004
    2919
    2880
    2936
    2998
    2967
    2840
    2937
    2869
    2843
    2899
    2916
    2878
    2921
    3021
    2958
    2943
    2917
    2966
    3007
    2944
    2909
    2889
    3004
    2849
    2885
    2883
    2938
    2941
    2948
    3004
    2862
    2947
    2948
    2981
    2890
    2984
    2960
    2850
    2936
    2958
    3031
    2947
    2988
    2901
    2862
    2897
    2902
    2871
    2878
    2944
    2942
    2923
    2972
    2913
    2978
    2922
    2849
    2943
    2910
    2926
    2871
    2918
    2989
    2908
    2891
    2875
    2946
    2913
    2893
    2910
    2986
    2942
    2918
    2881
    2929
    2898
    2912
    2957
    2927
    2838
    2883
    2983
    2982
    2917
    2954
    2932
    2991
    2942
    2980
    2914
    2939
    2911
    2932
    2875
    2839
    2921
    2891
    2973
    2962
    2951
    2910
    2917
    2866
    2970
    2940
    2849
    2863
    2881
    2977
    2960
    2910
    2868
    2915
    2928
    2981
    2920
    2952
    2980
    3034
    3008
    2814
    2913
    2987
    2920
    2871
    2906
    3072
    2929
    2982
    2961
    2920
    3055
    2891
    2984
    2914
    2920
    3002
    2894
    2974
    2967
    2843
    2976
    2926
    2902
    2966
    2948
    2954
    2953
    3006
    2941
    2902
    2876
    2952
    3018
    2955
    2936
    2846
    2999
    2920
    2868
    2868
    2920
    2908
    2915
    2898
    2978
    2923
    2903
    2999
    2925
    2984
    2977
    2893
    2957
    2852
    2936
    2957
    2983
    2953
    2951
    2966
    2944
    2889
    3003
    2966
    2957
    2881
    2939
    2969
    2967
    3079
    2904
    2973
    2948
    2894
    2980
    2915
    2931
    2915
    2963
    3029
    2988
    2885
    2955
    2930
    2884
    2902
    2943
    2931
    3023
    3050
    2945
    2902
    2945
    2931
    2846
    2897
    2942
    2928
    2936
    2924
    2914
    3007
    2896
    2963
    2923
    2850
    3003
    2890
    2944
    2997
    2969
    2964
    3011
    2823
    2982
    2947
    2923
    2883
    2861
    2850
    2908
    2928
    3037
    2843
    2916
    2963
    2915
    2925
    2902
    2949
    2892
    3002
    2965
    2902
    2926
    2884
    2896
    2974
    2927
    2967
    2986
    3060
    2921
    2953
    2872
    2911
    2923
    2973
    2842
    3024
    2929
    2990
    2965
    2936
    2894
    3005
    2851
    2907
    2945
    3041
    2929
    2937
    2982
    2911
    2936
    2876
    2963
    2869
    3038
    2838
    2952
    2971
    2917
    2961
    2932
    2989
    2919
    2881
    2918
    2966
    2853
    3006
    2876
    2892
    2892
    2968
    2850
    2959
    2974
    2881
    2890
    2918
    2961
    2919
    2929
    3002
    2945
    2919
    2875
    2919
    2939
    2868
    2958
    3004
    2867
    2841
    2832
    2955
    3035
    2953
    2970
    2881
    3034
    3011
    2970
    2941
    2859
    2931
    2848
    2908
    2951
    2990
    2976
    2912
    3026
    2937
    2961
    2968
    2950
    2917
    2946
    2969
    2938
    2916
    2896
    2818
    3010
    2898
    2934
    2940
    2927
    2964
    2933
    2820
    2929
    2849
    2832
    2934
    2876
    2977
    2961
    2950
    2956
    2990
    2880
    2916
    2937
    2808
    2902
    2938
    2983
    2922
    2896
    2926
    3047
    2906
    2943
    2946
    2925
    2894
    2944
    2915
    2915
    2939
    2940
    2944
    2915
    2840
    2869
    2827
    2939
    2912
    2910
    2870
    2936
    2857
    2967
    2941
    2933
    3030
    2908
    2887
    2879
    2912
    2969
    2964
    2994
    2925
    2955
    2938
    2850
    2936
    2981
    2913
    2869
    2971
    2888
    3001
    2941
    2959
    2933
    2901
    2967
    2958
    2945
    2983
    2878
    2884
    2892
    2954
    2976
    2877
    2910
    2860
    2889
    2871
    2987
    2934
    2941
    2919
    2986
    2895
    2920
    2925
    2952
    2931
    2977
    3013
    2960
    2936
    2911
    3021
    2933
    2927
    2987
    2908
    2923
    2937
    2891
    2950
    2970
    2926
    2961
    2900
    2945
    2933
    2898
    2933
    2976
    2933
    2893
    2973
    2912
    2839
    2845
    2886
    2956
    2918
    2938
    2966
    2891
    2827
    3000
    2991
    2937
    2892
    2895
    2953
    2960
    3005
    2982
    2857
    2954
    2978
    2937
    3019
    2977
    2924
    2908
    2898
    2898
    2897
    3022
    2937
    2966
    2843
    2958
    2946
    2922
    2943
    2945
    2938
    2927
    2969
    2899
    2945
    3011
    3004
    2932
    2966
    2911
    2949
    2902
    2921
    2935
    2930
    2888
    2936
    2975
    2834
    2968
    2969
    2820
    2968
    2901
    2936
    2892
    2873
    2874
    2985
    2960
    2944
    3026
    3005
    2920
    2991
    2864
    2966
    2995
    2904
    3010
    2855
    2896
    2898
    2938
    2879
    2939
    2955
    2924
    2911
    2886
    2956
    2846
    2894
    2959
    2896
    2974
    2952
    2955
    2968
    2989
    2948
    2929
    2898
    2960
    2949
    2901
    2914
    3004
    2810
    2953
    2857
    2961
    2898
    2991
    2985
    2877
    2964
    2879
    2922
    2999
    2908
    2994
    3004
    2903
    2906
    2911
    2842
    2988
    2951
    3013
    2904
    2897
    2913
    2960
    2939
    2860
    2896
    2911
    2947
    3017
    2899
    2970
    2904
    2941
    2940
    2965
    2826
    2888
    2937
    2905
    2976
    2936
    2918
    2959
    2958
    2928
    2875
    2900
    2950
    2915
    2877
    3062
    2916
    2937
    2903
    2938
    2882
    2992
    2915
    2953
    2881
    2915
    2918
    2918
    2909
    2901
    2947
    2931
    2887
    2962
    2951
    2982
    2900
    2911
    2942
    2933
    2881
    2962
    2969
    2977
    2995
    3033
    2915
    2948
    2816
    2941
    2972
    2900
    2874
    2876
    2940
    3065
    2878
    2984
    2962
    2879
    2899
    2953
    2950
    2918
    2975
    2867
    2910
    3015
    2856
    2897
    2844
    2902
    2924
    3020
    2991
    2951
    2839
    2987
    2889
    2937
    2891
    2901
    2838
    2924
    2990
    2954
    2895
    2904
    2929
    2944
    2924
    2982
    2917
    2966
    2932
    3018
    2925
    2926
    2892
    2930
    2979
    2906
    3057
    2979
    2980
    2854
    3020
    2956
    2988
    2901
    3054
    2843
    2924
    2947
    2865
    2959
    2975
    2860
    2938
    2960
    2894
    2971
    2985
    2980
    2985
    2977
    2937
    2993
    2991
    2868
    2964
    2930
    2875
    2844
    2920
    2939
    2859
    2887
    2857
    2922
    2901
    2933
    2842
    2966
    2945
    2929
    2986
    2880
    2924
    2951
    2899
    2944
    2945
    2920
    2903
    2872
    2983
    2860
    2864
    2849
    2932
    2955
    2913
    2919
    2906
    2958
    2967
    2919
    2949
    2862
    2983
    2997
    2920
    2956
    2905
    2903
    2917
    2952
    2974
    2836
    2925
    2903
    3008
    2938
    2923
    2948
    2887
    2919
    2963
    2934
    2982
    2944
    2900
    2919
    2975
    2895
    2881
    2931
    2909
    3023
    2899
    2956
    2975
    2928
    2948
    2932
    2930
    2937
    2924
    2955
    2980
    2858
    2955
    2937
    2945
    2919
    2998
    2969
    2985
    2960
    2925
    2998
    2925
    3015
    2904
    2912
    2902
    2967
    2936
    2954
    2974
    2916
    2865
    2892
    2954
    2939
    2972
    2841
    2853
    3055
    2918
    2921
    2960
    2957
    2962
    3048
    2929
    2940
    2972
    2909
    2786
    2866
    2949
    2833
    2998
    2932
    2904
    2900
    2902
    3026
    2920
    2931
    2957
    2933
    2963
    2950
    2893
    2944
    2937
    2926
    2955
    2923
    2989
    2940
    2982
    2851
    2942
    2960
    2879
    2907
    2898
    2941
    2837
    2924
    2824
    2978
    2908
    2959
    2908
    2958
    2917
    2969
    2971
    2886
    2962
    2872
    2849
    2842
    2968
    3035
    3058
    2876
    2929
    2874
    2894
    2949
    2845
    2885
    2980
    2995
    2850
    2941
    2901
    2888
    2948
    2957
    2939
    2855
    2921
    2893
    2858
    2954
    2953
    3036
    2921
    3013
    2884
    2946
    2993
    2932
    2887
    2854
    2898
    2910
    2903
    2944
    2979
    2947
    2904
    2912
    2910
    2954
    2814
    2904
    2962
    2926
    2936
    2964
    2852
    2952
    2938
    2923
    2938
    2956
    2899
    2908
    2924
    2939
    2928
    2895
    2881
    2926
    2921
    2904
    3001
    2904
    2981
    2937
    2947
    2860
    2906
    2929
    2958
    2875
    2888
    2931
    2837
    3099
    2919
    2904
    2965
    2934
    2875
    2999
    2985
    2928
    2916
    3008
    2945
    2890
    2972
    2998
    2944
    2903
    2909
    2885
    3016
    2991
    2920
    2931
    2934
    2942
    2997
    2939
    2953
    2924
    2909
    2857
    2871
    2914
    2947
    2911
    2968
    2924
    2979
    2870
    2973
    2906
    2862
    2910
    2940
    2944
    2904
    2927
    3014
    2873
    2910
    2907
    3004
    2916
    2907
    2888
    2916
    2910
    2958
    2992
    2978
    2958
    2867
    2960
    2892
    2963
    2924
    2885
    2942
    2946
    3002
    2929
    2926
    2908
    3001
    2912
    2835
    2878
    2878
    2970
    3016
    2952
    2962
    2866
    2965
    2919
    2941
    2926
    2919
    2907
    2895
    2895
    2954
    2949
    2989
    2913
    2961
    2983
    2933
    3008
    2954
    2952
    2983
    2925
    2947
    2916
    2969
    2931
    2851
    2974
    2821
    2955
    2919
    2970
    2958
    2891
    2979
    2985
    2865
    2995
    2927
    2923
    2935
    2871
    2960
    2890
    2964
    2974
    3010
    2951
    2911
    2933
    2901
    2952
    2895
    2907
    2965
    2974
    2787
    3038
    2994
    2935
    2913
    2946
    2888
    2843
    2944
    2902
    2947
    3010
    2945
    2966
    2924
    2981
    2922
    2846
    2911
    2905
    2952
    2945
    2970
    2957
    2932
    2857
    2985
    2877
    2931
    2904
    2880
    2991
    2825
    2808
    2898
    2972
    2962
    2928
    2934
    2971
    2870
    2977
    2917
    2916
    2979
    2929
    2912
    2868
    2936
    2901
    2946
    2939
    2944
    2937
    2958
    2834
    2928
    2964
    2929
    2967
    2936
    2904
    2939
    2949
    2885
    2836
    2901
    2918
    2929
    2977
    2918
    2915
