     784
     847
     851
     829
     780
     873
     909
     848
     882
     836
     847
     833
     806
     934
     853
     850
     802
     851
     801
     867
     819
     826
     758
     855
     896
     881
     857
     887
     892
     810
     806
     823
     864
     810
     815
     802
     813
     848
     852
     769
     869
     848
     810
     852
     842
     889
     849
     860
     768
     845
     839
     824
     805
     909
     872
     821
     815
     891
     834
     823
     859
     849
     844
     832
     844
     810
     853
     875
     829
     835
     859
     834
     758
     901
     873
     837
     878
     869
     843
     839
     830
     843
     871
     858
     830
     832
     802
     843
     872
     828
     798
     794
     783
     918
     860
     858
     903
     824
     893
     800
     793
     873
     788
     854
     841
     906
     838
     872
     733
     801
     865
     873
     854
     780
     813
     834
     865
     868
     808
     859
     835
     830
     874
     825
     814
     893
     766
     877
     867
     769
     851
     813
     815
     880
     843
     826
     794
     838
     898
     808
     853
     854
     844
     800
     855
     869
     891
     773
     853
     766
     814
     861
     796
     863
     875
     859
     830
     789
     836
     873
     871
     815
     832
     833
     869
     808
     888
     808
     789
     863
     828
     775
     850
     828
     846
     885
     819
     802
     807
     870
     844
     871
     819
     851
     835
     869
     816
     793
     799
     904
     810
     865
     833
     850
     880
     872
     829
     837
     849
     826
     819
     885
     835
     796
     770
     737
     896
     887
     887
     920
     836
     843
     856
     798
     823
     851
     782
     850
     801
     873
     886
     813
     857
     801
     896
     850
     910
     809
     856
     834
     808
     847
     900
     870
     793
     752
     845
     779
     872
     849
     839
     846
     812
     892
     819
     841
     824
     902
     799
     804
     848
     884
     765
     817
     834
     822
     798
     932
     930
     836
     788
     821
     816
     777
     800
     879
     797
     861
     849
     832
     856
     823
     817
     864
     848
     816
     730
     822
     824
     857
     796
     804
     817
     821
     842
     840
     819
     789
     818
     841
     825
     805
     866
     868
     802
     866
     852
     827
     865
     830
     832
     838
     827
     821
     808
     892
     866
     811
     890
     844
     804
     868
     870
     806
     819
     858
     767
     835
     922
     783
     821
     778
     800
     872
     852
     851
     861
     833
     806
     829
     848
     792
     834
     894
     797
     891
     854
     833
     841
     829
     785
     891
     848
     829
     807
     890
     807
     856
     804
     834
     783
     840
     878
     866
     771
     882
     823
     884
     837
     866
     893
     871
     911
     847
     912
     826
     822
     837
     832
     811
     789
     856
     836
     935
     829
     785
     811
     827
     869
     877
     852
     815
     891
     805
     864
     874
     820
     858
     853
     814
     820
     781
     806
     876
     868
     856
     822
     814
     821
     810
     819
     845
     883
     878
     812
     788
     815
     854
     805
     800
     775
     822
     767
     878
     838
     847
     900
     810
     876
     789
     802
     840
     763
     779
     813
     906
     784
     767
     885
     805
     817
     845
     836
     844
     797
     792
     805
     878
     846
     841
     819
     793
     803
     837
     867
     813
     834
     853
     905
     859
     839
     841
     802
     787
     911
     870
     910
     815
     769
     857
     766
     815
     854
     815
     852
     809
     825
     820
     845
     820
     866
     887
     886
     842
     860
     822
     794
     852
     897
     885
     793
     863
     886
     875
     871
     832
     861
     787
     821
     814
     841
     765
     764
     834
     858
     912
     848
     882
     931
     866
     788
     790
     800
     881
     768
     830
     896
     798
     891
     841
     844
     861
     910
     898
     851
     826
     794
     852
     787
     850
     811
     827
     791
     810
     776
     765
     888
     854
     864
     792
     861
     803
     836
     809
     850
     826
     780
     808
     892
     823
     858
     841
     833
     809
     821
     870
     823
     869
     839
     745
     814
     869
     857
     837
     755
     845
     830
     783
     838
     847
     854
     801
     913
     819
     897
     873
     796
     830
     805
     824
     770
     841
     824
     810
     847
     898
     847
     847
     842
     838
     889
     881
     887
     845
     833
     860
     894
     834
     884
     818
     859
     825
     859
     901
     807
     878
     869
     797
     802
     858
     925
     808
     866
     824
     795
     825
     757
     855
     866
     864
     834
     875
     796
     857
     827
     838
     872
     895
     839
     815
     825
     851
     868
     832
     825
     846
     791
     889
     736
     828
     804
     864
     827
     842
     887
     797
     785
     825
     863
     914
     836
     851
     798
     816
     773
     881
     924
     810
     883
     803
     841
     799
     883
     842
     835
     882
     789
     856
     831
     828
     823
     877
     868
     804
     806
     848
     790
     818
     871
     809
     810
     866
     807
     790
     856
     806
     833
     845
     822
     883
     824
     858
     810
     820
     859
     867
     838
     831
     868
     833
     844
     869
     858
     795
     812
     763
     852
     721
     777
     834
     872
     786
     769
     865
     768
     832
     829
     817
     817
     788
     765
     863
     881
     803
     818
     807
     865
     856
     865
     896
     797
     884
     830
     794
     762
     779
     824
     853
     863
     867
     790
     881
     850
     773
     885
     852
     825
     826
     836
     832
     838
     881
     887
     842
     797
     837
     803
     836
     825
     842
     812
     848
     803
     818
     795
     837
     836
     798
     812
     869
     821
     872
     780
     777
     837
     772
     906
     784
     878
     837
     854
     846
     809
     808
     831
     810
     809
     783
     834
     921
     792
     806
     762
     844
     832
     825
     877
     862
     811
     850
     824
     802
     875
     818
     779
     824
     806
     858
     768
     894
     868
     836
     855
     885
     827
     832
     812
     782
     881
     802
     861
     808
     801
     825
     861
     853
     870
     846
     838
     804
     847
     789
     886
     810
     885
     895
     824
     895
     828
     844
     866
     872
     835
     874
     840
     851
     853
     858
     861
     830
     816
     815
     912
     838
     835
     812
     845
     860
     770
     835
     819
     817
     878
     812
     840
     875
     856
     850
     849
     795
     854
     795
     816
     778
     867
     860
     831
     860
     727
     858
     847
     844
     865
     839
     921
     806
     893
     931
     830
     849
     873
     828
     834
     845
     792
     813
     905
     879
     799
     870
     817
     849
     885
     763
     823
     840
     865
     783
     807
     785
     881
     807
     845
     792
     836
     820
     813
     833
     841
     878
     835
     790
     853
     825
     808
     869
     799
     866
     855
     834
     779
     862
     812
     839
     833
     814
     788
     821
     800
     840
     831
     816
     848
     859
     795
     812
     909
     770
     818
     829
     902
     855
     854
     794
     793
     841
     820
     862
     885
     796
     874
     829
     875
     848
     803
     863
     802
     827
     806
     863
     812
     754
     848
     889
     841
     849
     864
     796
     906
     799
     784
     853
     841
     871
     863
     884
     779
     908
     790
     771
     813
     852
     843
     804
     818
     831
     769
     826
     884
     862
     838
     845
     810
     821
     877
     815
     760
     845
     819
     855
     897
     809
     858
     833
     840
     780
     874
     821
     817
     823
     869
     805
     865
     795
     851
     798
     844
     843
     815
     802
     848
     814
     793
     845
     875
     812
     781
     851
     803
     818
     834
     774
     796
     799
     797
     877
     855
     860
     848
     797
     813
     809
     841
     891
     843
     807
     799
     793
     864
     819
     847
     845
     818
     856
     851
     848
     869
     868
     830
     835
     880
     855
     879
     884
     810
     820
     830
     876
     818
     789
     823
     813
     862
     832
     839
     770
     876
     883
     813
     864
     805
     769
     824
     866
     813
     852
     892
     874
     876
     767
     828
     887
     845
     808
     832
     873
     885
     809
     796
     828
     859
     877
     844
     857
     810
     835
     837
     817
     870
     862
     819
     857
     815
     811
     889
     837
     934
     889
     863
     815
     747
     822
     791
     841
     744
     780
     803
     853
     783
     847
     848
     808
     837
     819
     873
     830
     900
     882
     862
     758
     829
     854
     853
     793
     857
     874
     848
     835
     858
     849
     789
     774
     803
     810
     854
     900
     816
     882
     841
     838
     827
     837
     868
     818
     826
     850
     873
     821
     849
     830
     831
     846
     828
     777
     866
     841
     861
     864
     892
     891
     839
     891
     865
     798
     813
     844
     874
     822
     875
     836
     864
     881
     847
     834
     843
     898
     834
     807
     864
     833
     824
     817
     831
     856
     821
     798
     798
     898
     795
     854
     860
     834
     848
     884
     877
     881
     862
     861
     820
     833
     896
     805
     834
     874
     795
     858
     904
     877
     844
     823
     837
     790
     816
     851
     813
     806
     837
     855
     890
     839
     804
     849
     853
     790
     868
     872
     851
     846
     800
     804
     833
     779
     778
     849
     906
     825
     841
     811
     841
     830
     866
     858
     853
     830
     830
     894
     860
     840
     882
     890
     866
     834
     843
     744
     809
     881
     856
     823
     796
     794
     801
     830
     875
     790
     794
     824
     873
     807
     824
     883
     872
     861
     796
     843
     831
     856
     815
     821
     831
     874
     834
     882
     861
     787
     828
     881
     827
     868
     847
     838
     868
     792
     873
     871
     798
     832
     822
     865
     799
     857
     879
     818
     846
     775
     805
     845
     808
     840
     819
     816
     848
     841
     877
     836
     860
     835
     835
     856
     842
     864
     878
     906
     842
     852
     829
     819
     882
     858
     789
     851
     794
     891
     851
     924
     838
     867
     854
     876
     903
     851
     907
     789
     815
     806
     902
     740
     907
     833
     867
     787
     824
     778
     902
     846
     855
     784
     866
     885
     836
     878
     779
     836
     839
     873
     801
     878
     781
     827
     779
     817
     795
     808
     890
     824
     824
     824
     830
     794
     858
     877
     834
     879
     822
     851
     857
     770
     849
     849
     819
     791
     830
     861
     859
     868
     875
     848
     826
     789
     851
     847
     850
     913
     840
     893
     873
     869
     821
     847
     867
     824
     859
     863
     849
     835
     896
     869
     816
     816
     816
     799
     840
     851
     853
     797
     832
     851
     846
     837
     831
     844
     807
     872
     866
     791
     857
     920
     834
     829
     820
     856
     815
     902
     856
     807
     874
     871
     804
     839
     843
     860
     820
     875
     798
     908
     840
     888
     788
     828
     841
     846
     788
     875
     843
     821
     884
     821
     843
     868
     840
     869
     788
     852
     867
     891
     880
     834
     803
     844
     846
     835
     875
     824
     847
     842
     823
     825
     866
     834
     877
     869
     791
     840
     816
     803
     878
     817
     834
     767
     779
     843
     857
     818
     806
     868
     846
     794
     857
     786
     834
     838
     841
     812
     790
     822
     834
     841
     814
     888
     931
     850
     838
     830
     812
     854
     867
     863
     882
     828
     825
     837
     836
     828
     807
     818
     813
     879
     862
     904
     824
     892
     830
     801
     861
     835
     865
     910
     808
     820
     808
     793
     840
     833
     843
     806
     839
     825
     903
     873
     842
     857
     815
     903
     855
     797
     855
     792
     869
     879
     828
     890
     801
     813
     804
     820
     895
     811
     760
     820
     825
     823
     796
     852
     829
     844
     854
     828
     832
     821
     778
     852
     845
     844
     814
     804
     816
     836
     856
     806
     802
     839
     804
     844
     889
     788
     758
     868
     812
     866
     895
     848
     863
     830
     852
     844
     888
     832
     834
     846
     893
     837
     865
     799
     770
     789
     831
     862
     844
     824
     812
     861
     786
     881
     827
     845
     749
     806
     834
     880
     837
     812
     846
     824
     856
     824
     834
     854
     858
     838
     797
     822
     835
     857
     837
     778
     839
     899
     837
     899
     814
     822
     833
     845
     832
     810
     853
     848
     867
     810
     834
     877
     849
     867
     890
     881
     866
     769
     894
     773
     784
     844
     793
     825
     801
     921
     850
     851
     860
     857
     808
     794
     847
     802
     832
     898
     855
     827
     886
     827
     837
     839
     885
     760
     884
     795
     829
     795
     854
     852
     856
     859
     782
     870
     821
     905
     829
     898
     870
     848
     845
     805
     850
     910
     824
     851
     809
     804
     812
     825
     819
     874
     832
     832
     825
     930
     818
     903
     861
     836
     855
     849
     871
     810
     864
     857
     856
     840
     861
     864
     860
     831
     842
     815
     799
     791
     849
     854
     829
     876
     853
     804
     840
     808
     858
     854
     780
     726
     853
     869
     813
     886
     869
     802
     841
     800
     854
     817
     827
     840
     876
     813
     828
     849
     847
     847
     810
     877
     807
     788
     873
     804
     844
     832
     792
     810
     783
     797
     797
     808
     772
     848
     847
     861
     913
     881
     773
     833
     850
     799
     873
     875
     791
     826
     841
     767
     792
     873
     842
     834
     824
     839
     792
     797
     913
     861
     918
     848
     889
     901
     773
     893
     856
     821
     822
     915
     840
     815
     845
     842
     854
     892
     843
     789
     802
     814
     799
     816
     826
     843
     858
     844
     856
     794
     904
     862
     825
     828
     906
     873
     892
     746
     842
     870
     844
     811
     770
     849
     866
     802
     870
     830
     862
     802
     910
     831
     919
     847
     808
     906
     838
     810
     877
     828
     875
     810
     859
     836
     795
     823
     780
     854
     877
     806
     857
     830
     840
     793
     832
     856
     926
     809
     870
     757
     818
     874
     844
     837
     821
     850
     905
     821
     890
     817
     850
     796
     835
     895
     849
     835
     862
     853
     888
     843
     869
     840
     779
     760
     825
     897
     802
     824
     815
     840
     791
     849
     798
     851
     828
     827
     869
     763
     860
     796
     809
     816
     930
     802
     858
     854
     854
     956
     896
     854
     824
     782
     812
     853
     822
     810
     837
     833
     800
     856
     902
     842
     819
     819
     859
     806
     887
     822
     847
     839
     858
     902
     896
     813
     807
     872
     833
     770
     800
     881
     891
     835
     849
     817
     783
     868
     848
     806
     822
     861
     835
     824
     877
     842
     808
     938
     788
     854
     846
     829
     854
     845
     821
     856
     807
     862
     824
     760
     822
     890
     909
     830
     832
     789
     836
     813
     847
     890
     846
     801
     842
     865
     826
     854
     796
     878
     789
     893
     856
     791
     732
     841
     827
     843
     879
     866
     800
     833
     855
     883
     831
     823
     830
     884
     814
     890
     840
     804
     797
     865
     821
     845
     833
     902
     863
     836
     805
     807
     824
     881
     877
     815
     797
     834
     747
     833
     789
     848
     834
     826
     818
     793
     927
     830
     891
     884
     835
     897
     849
     836
     925
     822
     806
     762
     854
     792
     840
     813
     816
     803
     771
     887
     829
     815
     773
     822
     900
     772
     806
     840
     859
     808
     794
     830
     859
     841
     882
     817
     827
     875
     832
     857
     841
     848
     855
     856
     816
     805
     791
     835
     865
     765
     877
     796
     818
     811
     874
     835
     789
     785
     808
     839
     869
     825
     866
     885
     767
     853
     871
     832
     800
     910
     906
     870
     881
     793
     809
     904
     809
     845
     870
     896
     870
     825
     840
     855
     845
     889
     814
     851
     873
     808
     818
     829
     777
     883
     809
     845
     818
     838
     884
     816
     792
     798
     857
     881
     816
     812
     806
     839
     799
     896
     871
     853
     854
     833
     855
     819
     903
     846
     828
     834
     863
     884
     873
     858
     799
     855
     816
     814
     804
     811
     904
     839
     827
     766
     878
     787
     797
     906
     814
     880
     827
     798
     858
     903
     879
     902
     836
     806
     838
     825
     812
     822
     814
     830
     832
     866
     840
     776
     766
     844
     816
     840
     861
     827
     873
     826
     804
     837
     860
     882
     776
     830
     829
     824
     831
     807
     820
     834
     805
     812
     774
     849
     826
     818
     841
     816
     839
     820
     795
     858
     801
     877
     854
     837
     801
     850
     840
     788
     830
     806
     775
     826
     850
     840
     802
     818
     841
     846
     850
     871
     774
     847
     820
     763
     843
     900
     839
     875
     870
     806
     753
     894
     877
     812
     852
     904
     822
     880
     856
     893
     852
     776
     857
     906
     871
     822
     838
     778
     817
     841
     850
     783
     790
     841
     856
     807
     866
     862
     827
     794
     832
     792
     838
     796
     848
     777
     819
     780
     785
     865
     922
     918
     869
     857
     777
     809
     882
     826
     855
     871
     794
     799
     811
     821
     857
     843
     789
     871
     866
     829
     851
     815
     803
     848
     789
     861
     724
     933
     829
     859
     813
     844
     907
     894
     798
     913
     848
     860
     864
     843
     840
     852
     841
     817
     875
     735
     845
     811
     847
     870
     775
     898
     813
     803
     811
     810
     878
     788
     936
     828
     774
     854
     888
     888
     791
     819
     856
     846
     858
     834
     800
     807
     815
     820
     826
     884
     858
     866
     806
     866
     779
     814
     946
     854
     827
     869
     826
     821
     842
     802
     794
     829
     785
     814
     857
     864
     821
     799
     765
     917
     890
     843
     848
     814
     879
     818
     828
     784
     884
     794
     831
     750
     850
     837
     848
     810
     914
     862
     860
     803
     843
     808
     874
     857
     830
     859
     895
     821
     884
     864
     884
     879
     784
     810
     878
     801
     822
     946
     895
     909
     804
     796
     886
     868
     828
     835
     912
     774
     889
     759
     853
     916
     813
     852
     895
     884
     788
     830
     874
     820
     892
     874
     841
     817
     891
     816
     837
     793
     812
     878
     821
     819
     832
     852
     859
     924
     850
     789
     827
     891
     743
     910
     812
     832
     815
     845
     862
     857
     864
     855
     888
     800
     841
     766
     827
     830
     806
     907
     853
     790
     823
     840
     842
     808
     893
     841
     783
     826
     826
     806
     851
     826
     884
     857
     818
     865
     830
     893
     902
     841
     830
     814
     811
     779
     866
     890
     795
     814
     895
     866
     907
     851
     839
     847
     780
     806
     849
     827
     802
     797
     876
     880
     826
     865
     837
     797
     853
     880
     836
     845
     806
     807
     825
     866
     861
     865
     867
     811
     839
     822
     765
     787
     844
     824
     807
     838
     892
     843
     806
     820
     829
     900
     832
     915
     903
     854
     883
     830
     862
     856
     852
     893
     848
     790
     865
     869
     832
     817
     824
     810
     835
     853
     781
     861
     791
     846
     871
     899
     825
     821
     882
     799
     833
     908
     839
     846
     789
     805
     798
     883
     816
     811
     849
     850
     854
     806
     853
     828
     797
     842
     826
     859
     843
     830
     888
     778
     820
     810
     818
     825
     774
     862
     829
     815
     771
     778
     819
     852
     839
     846
     877
     805
     835
     865
     821
     809
     875
     884
     862
     824
     871
     837
     876
     846
     849
     892
     838
     875
     812
     820
     815
     882
     808
     865
     849
     847
     860
     853
     819
     788
     907
     823
     868
     834
     800
     827
     799
     869
     830
     837
     837
     877
     829
     801
     875
     780
     863
     878
     834
     826
     852
     799
     832
     795
     826
     823
     805
     829
     850
     850
     899
     797
     818
     842
     805
     829
     784
     838
     810
     838
     864
     784
     885
     847
     862
     896
     916
     793
     783
     865
     814
     930
     865
     851
     878
     916
     807
     755
     803
     839
     882
     939
     805
     825
     839
     903
     802
     838
     866
     818
     802
     846
     843
     880
     866
     874
     816
     822
     797
     806
     906
     827
     798
     851
     811
     827
     808
     824
     809
     857
     881
     848
     907
     886
     862
     888
     809
     826
     851
     822
     860
     813
     804
     809
     826
     845
     843
     839
     824
     790
     878
     834
     792
     811
     839
     793
     824
     901
     748
     889
     834
     818
     835
     849
     843
     820
     856
     820
     818
     807
     875
     884
     792
     842
     880
     826
     784
     860
     793
     823
     889
     867
     885
     800
     854
     849
     840
     889
     781
     834
     807
     751
     825
     817
     809
     829
     819
     840
     854
     866
     874
     857
     841
     810
     886
     803
     863
     865
     850
     793
     844
     874
     856
     867
     793
     812
     836
     787
     857
     842
     845
     771
     843
     865
     835
     869
     878
     828
     824
     871
     855
     808
     800
     835
     843
     889
     827
     831
     803
     878
     801
     826
     804
     788
     858
     825
     846
     814
     788
     850
     815
     886
     816
     769
     887
     796
     864
     845
     824
     775
     873
     850
     810
     856
     846
     834
     840
     828
     881
     873
     813
     898
     804
     765
     916
     849
     829
     791
     787
     764
     817
     846
     843
     887
     849
     913
     813
     901
     785
     865
     885
     840
     831
     814
     838
     845
     856
     826
     730
     788
     848
     826
     815
     790
     787
     783
     834
     873
     840
     886
     908
     895
     788
     943
     864
     843
     842
     830
     829
     849
     784
     906
     904
     845
     849
     857
     786
     858
     906
     844
     913
     852
     848
     870
     766
     841
     818
     794
     854
     822
     819
     809
     819
     790
     827
     848
     878
     868
     842
     796
     856
     804
     866
     893
     833
     840
     860
     826
     800
     930
     840
     860
     825
     851
     810
     862
     800
     808
     864
     794
     842
     872
     770
     874
     824
     889
     896
     796
     838
     794
     827
     869
     828
     850
     837
     820
     855
     901
     910
     791
     775
     818
     816
     855
     817
     932
     807
     901
     877
     804
     886
     920
     848
     786
     845
     817
     911
     821
     813
     875
     867
     819
     785
     798
     896
     832
     789
     832
     879
     812
     795
     861
     854
     845
     914
     867
     814
     867
     868
     870
     841
     797
     754
     830
     792
     866
     778
     892
     888
     883
     877
     902
     801
     864
     921
     834
     807
     821
     864
     871
     866
     873
     822
     803
     844
     803
     870
     844
     895
     790
     817
     856
     875
     804
     829
     782
     847
     817
     865
     849
     916
     864
     784
     853
     831
     901
     805
     811
     863
     765
     855
     818
     794
     844
     840
     800
     841
     849
     863
     824
     877
     788
     806
     835
     814
     853
     769
     847
     796
     863
     850
     884
     896
     876
     859
     879
     814
     816
     826
     846
     853
     900
     864
     803
     827
     882
     873
     871
     851
     850
     796
     823
     780
     825
     774
     832
     809
     839
     775
     854
     832
     868
     791
     789
     766
     815
     799
     826
     818
     861
     861
     836
     875
     830
     837
     849
     928
     860
     893
     886
     851
     879
     788
     796
     860
     846
     874
     874
     823
     794
     866
     844
     838
     846
     811
     860
     829
     822
     905
     823
     771
     833
     845
     851
     841
     828
     880
     836
     796
     823
     816
     875
     873
     805
     865
     851
     830
     880
     817
     843
     859
     784
     721
     838
     827
     817
     799
     813
     817
     897
     811
     819
     899
     804
     859
     771
     822
     862
     805
     852
     837
     861
     780
     796
     888
     932
     859
     811
     875
     846
     872
     806
     821
     827
     812
     871
     801
     818
     840
     766
     851
     900
     833
     826
     884
     881
     902
     827
     914
     836
     823
     837
     750
     819
     916
     835
     828
     842
     780
     843
     869
     827
     835
     875
     875
     789
     877
     885
     819
     878
     861
     840
     802
     881
     806
     787
     877
     778
     804
     785
     832
     857
     817
     783
     837
     867
     864
     857
     893
     876
     864
     796
     864
     861
     848
     826
     782
     875
     901
     857
     821
     861
     772
     885
     807
     819
     785
     842
     834
     821
     827
     830
     833
     847
     823
     864
     867
     833
     871
     837
     838
     826
     798
     894
     867
     838
     840
     864
     821
     894
     805
     798
     809
     878
     883
     881
     783
     835
     826
     850
     823
     885
     854
     892
     827
     808
     791
     801
     854
     853
     858
     841
     932
     878
     887
     839
     780
     895
     878
     800
     853
     817
     844
     858
     863
     889
     907
     871
     752
     789
     849
     859
     853
     828
     835
     844
     858
     877
     890
     806
     822
     821
     818
     839
     809
     774
     821
     908
     841
     916
     786
     897
     822
     789
     822
     856
     812
     747
     841
     876
     871
     862
     819
     922
     792
     849
     898
     836
     826
     800
     850
     862
     866
     907
     791
     838
     847
     886
     836
     832
     855
     833
     875
     934
     874
     818
     787
     845
     843
     858
     848
     837
     844
     775
     801
     771
     768
     858
     851
     817
     812
     795
     817
     809
     828
     846
     856
     786
     815
     886
     793
     833
     864
     806
     892
     899
     832
     858
     832
     873
     756
     878
     914
     835
     872
     873
     812
     835
     822
     873
     849
     927
     829
     867
     803
     845
     836
     812
     823
     887
     858
     883
     772
     840
     776
     820
     801
     868
     914
     770
     928
     872
     763
     925
     872
     846
     800
     836
     856
     814
     811
     882
     863
     788
     856
     859
     883
     873
     830
     865
     818
     825
     825
     873
     847
     928
     878
     825
     775
     874
     833
     861
     903
     866
     808
     829
     802
     806
     813
     790
     762
     816
     823
     856
     825
     851
     830
     829
     821
     859
     814
     859
     831
     871
     832
     834
     843
     833
     878
     816
     876
     805
     828
     839
     806
     864
     862
     825
     890
     901
     839
     891
     883
     862
     845
     857
     802
     856
     917
     827
     878
     833
     856
     847
     812
     889
     837
     767
     837
     810
     914
     854
     854
     811
     816
     832
     849
     894
     807
     838
     908
     889
     821
     872
     846
     816
     812
     870
     870
     846
     921
     818
     850
     798
     815
     802
     790
     832
     850
     775
     830
     797
     820
     851
     804
     850
     829
     814
     856
     865
     938
     885
     806
     802
     824
     865
     863
     847
     805
     837
     919
     842
     879
     826
     878
     776
     864
     837
     860
     794
     841
     844
     807
     801
     858
     794
     841
     845
     834
     830
     846
     848
     819
     826
     875
     893
     848
     818
     855
     787
     903
     871
     812
     844
     847
     925
     826
     789
     878
     833
     807
     827
     873
     850
     834
     831
     809
     806
     801
     805
     845
     925
     898
     790
     877
     810
     864
     820
     834
     855
     873
     855
     848
     817
     831
     856
     876
     835
     825
     891
     894
     900
     794
     878
     845
     878
     820
     830
     773
     812
     868
     796
     811
     852
     894
     873
     837
     885
     807
     808
     871
     789
     809
     841
     799
     873
     879
     810
     793
     864
     839
     868
     817
     817
     846
     818
     848
     782
     808
     874
     788
     823
     847
     847
     882
     822
     846
     764
     784
     818
     823
     875
     858
     765
     803
     798
     796
     867
     851
     826
     858
     840
     821
     818
     832
     794
     721
     792
     871
     903
     887
     855
     760
     847
     848
     838
     800
     815
     856
     812
     843
     852
     817
     862
     827
     838
     760
     830
     904
     847
     866
     886
     860
     855
     831
     838
     823
     794
     823
     815
     854
     844
     846
     883
     858
     758
     775
     842
     834
     836
     892
     832
     802
     863
     886
     793
     860
     796
     920
     812
     852
     782
     861
     924
     861
     806
     857
     877
     860
     843
     817
     857
     790
     885
     831
     826
     810
     859
     819
     808
     817
     863
     825
     793
     770
     870
     913
     777
     844
     863
     838
     826
     828
     911
     904
     797
     848
     799
     842
     850
     816
     853
     822
     907
     804
     860
     812
     871
     818
     842
     838
     828
     839
     859
     936
     803
     877
     817
     830
     796
     840
     813
     813
     819
     830
     834
     838
     757
     830
     911
     835
     853
     792
     785
     766
     845
     769
     793
     763
     833
     805
     911
     838
     794
     863
     865
     867
     853
     830
     832
     866
     796
     830
     820
     856
     802
     873
     861
     841
     829
     826
     932
     829
     860
     851
     874
     850
     804
     810
     885
     785
     793
     879
     841
     867
     805
     827
     816
     898
     865
     848
     888
     876
     761
     899
     794
     773
     837
     806
     889
     838
     811
     782
     873
     792
     851
     766
     856
     857
     812
     772
     843
     772
     769
     855
     806
     836
     800
     830
     843
     827
     824
     831
     878
     848
     821
     858
     891
     842
     756
     890
     875
     844
     821
     851
     827
     847
     819
     799
     783
     871
     834
     805
     804
     844
     851
     822
     798
     865
     873
     857
     866
     900
     845
     850
     821
     793
     894
     853
     847
     848
     847
     836
     805
     864
     881
     909
     857
     783
     890
     808
     874
     834
     791
     816
     822
     815
     870
     914
     933
     900
     828
     860
     821
     863
     848
     864
     806
     824
     830
     793
     888
     877
     901
     856
     880
     845
     899
     851
     834
     798
     876
     799
     825
     838
     789
     800
     873
     812
     854
     880
     862
     852
     821
     795
     835
     829
     843
     846
     856
     839
     838
     859
     873
     803
     790
     860
     832
     838
     877
     810
     895
     808
     797
     902
     878
     871
     819
     814
     838
     826
     868
     866
     863
     841
     799
     842
     833
     882
     914
     861
     870
     806
     817
     879
     860
     908
     828
     855
     762
     835
     832
     858
     879
     838
     796
     819
     835
     913
     800
     809
     806
     821
     867
     861
     799
     805
     838
     849
     823
     797
     804
     839
     835
     879
     850
     797
     780
     869
     868
     881
     882
     866
     867
     840
     867
     870
     878
     825
     872
     856
     902
     814
     857
     808
     850
     833
     878
     848
     801
     834
     872
     812
     842
     858
     890
     880
     911
     821
     817
     829
     834
     899
     891
     826
     841
     878
     835
     820
     800
     834
     837
     852
     818
     836
     804
     782
     793
     853
     791
     877
     805
     807
     849
     828
     863
     793
     769
     780
     838
     790
     920
     833
     844
     835
     802
     850
     835
     957
     845
     902
     872
     798
     872
     869
     802
     806
     818
     817
     846
     815
     795
     827
     899
     850
     854
     872
     802
     828
     847
     830
     890
     793
     924
     805
     899
     880
     903
     773
     824
     806
     804
     850
     781
     839
     838
     818
     790
     919
     839
     863
     789
     829
     863
     853
     820
     854
     814
     845
     823
     861
     819
     842
     788
     837
     848
     802
     874
     817
     806
     926
     838
     808
     854
     814
     815
     913
     840
     828
     808
     813
     830
     864
     858
     911
     905
     836
     812
     864
     800
     798
     907
     793
     897
     873
     779
     859
     869
     825
     874
     870
     805
     804
     852
     840
     866
     799
     852
     871
     890
     874
     874
     855
     832
     882
     835
     832
     754
     864
     860
     833
     866
     838
     853
     856
     891
     818
     816
     854
     849
     841
     803
     813
     823
     898
     883
     789
     860
     950
     816
     846
     822
     845
     803
     848
     786
     825
     817
     885
     912
     852
     728
     831
     827
     838
     861
     826
     846
     825
     795
     828
     826
     846
     878
     871
     773
     881
     812
     811
     790
     807
     850
     776
     823
     852
     807
     869
     875
     885
     829
     871
     803
     896
     800
     823
     844
     847
     784
     859
     877
     856
     817
     867
     794
     846
     835
     868
     912
     901
     890
     805
     887
     862
     872
     813
     809
     833
     736
     825
     825
     790
     828
     859
     852
     891
     838
     835
     835
     816
     855
     843
     795
     852
     895
     841
     825
     866
     867
     818
     821
     851
     826
     853
     818
     775
     862
     837
     805
     824
     844
     821
     796
     800
     823
     844
     828
     861
     861
     849
     856
     802
     836
     834
     865
     841
     879
     837
     869
     870
     785
     826
     850
     845
     796
     881
     809
     831
     803
     867
     875
     862
     807
     788
     857
     804
     796
     873
     842
     810
     839
     762
     815
     796
     846
     804
     809
     822
     816
     882
     876
     841
     900
     776
     850
     854
     833
     817
     866
     837
     886
     802
     796
     813
     832
     855
     838
     825
     778
     827
     878
     843
     892
     812
     846
     807
     818
     894
     908
     901
     824
     782
     838
     841
     826
     819
     831
     788
     802
     838
     836
     845
     883
     849
     886
     874
     817
     842
     890
     903
     787
     904
     796
     838
     891
     815
     735
     857
     841
     808
     830
     878
     860
     865
     887
     881
     907
     895
     858
     803
     907
     831
     858
     858
     815
     803
     889
     794
     867
     788
     889
     834
     851
     849
     825
     828
     828
     852
     903
     825
     902
     867
     849
     877
     776
     851
     812
     818
     770
     894
     848
     900
     895
     861
     765
     841
     791
     808
     831
     840
     838
     851
     836
     869
     893
     771
     819
     875
     855
     841
     858
     851
     833
     833
     833
     884
     845
     882
     840
     838
     921
     848
     889
     808
     878
     881
     793
     826
     817
     822
     913
     857
     773
     859
     846
     855
     841
     884
     859
     837
     834
     887
     803
     821
     876
     846
     926
     900
     808
     918
     812
     855
     870
     864
     837
     821
     872
     832
     831
     855
     876
     859
     820
     838
     907
     811
     828
     864
     806
     901
     769
     835
     922
     817
     867
     852
     919
     863
     823
     832
     836
     863
     829
     842
     857
     883
     881
     875
     848
     856
     830
     831
     789
     860
     869
     827
     846
     870
     835
     831
     807
     799
     887
     876
     805
     839
     835
     914
     872
     823
     868
     837
     799
     870
     840
     762
     859
     861
     868
     804
     833
     841
     848
     807
     840
     879
     838
     832
     869
     861
     793
     809
     802
     862
     892
     820
     835
     810
     807
     844
     826
     846
     874
     844
     837
     940
     834
     891
     859
     798
     852
     822
     790
     826
     867
     850
     873
     876
     892
     826
     847
     870
     872
     811
     811
     773
     910
     894
     804
     874
     867
     890
     805
     815
     807
     817
     930
     864
     806
     870
     837
     843
     782
     826
     846
     806
     802
     807
     826
     825
     763
     802
     829
     835
     813
     837
     810
     887
     789
     791
     845
     843
     843
     932
     908
     783
     856
     835
     912
     799
     886
     829
     851
     898
     822
     830
     811
     875
     784
     792
     850
     781
     853
     807
     845
     844
     816
     832
     848
     874
     854
     835
     929
     844
     846
     823
     849
     871
     838
     832
     849
     872
     897
     854
     777
     800
     792
     881
     853
     853
     851
     807
     898
     797
     830
     858
     846
     797
     832
     884
     845
     850
     815
     856
     804
     843
     849
     770
     756
     814
     862
     867
     790
     823
     845
     853
     844
     828
     920
     887
     829
     847
     841
     865
     822
     878
     899
     878
     817
     862
     820
     823
     830
     781
     839
     803
     872
     821
     866
     825
     786
     833
     862
     885
     844
     857
     824
     815
     819
     835
     884
     833
     798
     846
     828
     817
     862
     795
     809
     886
     872
     843
     863
     805
     765
     870
     846
     840
     868
     882
     845
     842
     782
     823
     765
     753
     858
     860
     838
     809
     745
     830
     842
     835
     774
     861
     868
     828
     851
     833
     893
     874
     872
     822
     805
     867
     813
     834
     859
     870
     795
     833
     876
     833
     808
     822
     856
     854
     873
     796
     778
     857
     829
     847
     906
     782
     828
     837
     839
     825
     837
     842
     802
     824
     835
     851
     819
     864
     809
     837
     837
     809
     802
     839
     832
     844
     799
     896
     844
     860
     807
     849
     854
     843
     876
     845
     816
     850
     851
     865
     861
     800
     852
     842
     841
     863
     872
     829
     825
     812
     830
     840
     825
     871
     778
     790
     778
     872
     829
     838
     820
     762
     839
     841
     841
     842
     822
     883
     868
     852
     878
     848
     855
     822
     818
     846
     859
     789
     809
     788
     793
     860
     837
     803
     893
     891
     828
     863
     805
     800
     858
     810
     847
     854
     822
     857
     856
     855
     820
     841
     791
     850
     881
     876
     865
     857
     808
     837
     835
     850
     842
     881
     794
     837
     812
     842
     780
     874
     842
     844
     880
     842
     890
     831
     802
     841
     920
     821
     817
     822
     781
     841
     773
     848
     811
     856
     813
     839
     810
     842
     907
     776
     880
     871
     877
     874
     864
     805
     841
     849
     819
     883
     835
     850
     797
     783
     843
     831
     841
     883
     861
     848
     878
     870
     831
     891
     837
     861
     829
     878
     835
     868
     876
     828
     838
     925
     906
     808
     757
     867
     847
     846
     860
     862
     810
     846
     864
     862
     789
     859
     860
     843
     808
     844
     891
     823
     819
     820
     793
     819
     845
     844
     856
     802
     865
     852
     858
     857
     790
     857
     879
     794
     777
     832
     792
     805
     806
     824
     847
     842
     829
     804
     829
     883
     718
     783
     891
     834
     762
     835
     840
     826
     851
     874
     889
     824
     854
     865
     810
     865
     867
     827
     831
     794
     825
     861
     862
     918
     824
     907
     813
     878
     912
     867
     778
     830
     928
     749
     765
     891
     819
     861
     774
     868
     933
     843
     891
     840
     826
     849
     896
     752
     848
     847
     861
     761
     796
     755
     849
     774
     781
     840
     826
     885
     796
     888
     782
     856
     799
     901
     824
     772
     880
     835
     834
     808
     795
     830
     811
     845
     839
     866
     915
     803
     721
     878
     887
     811
     834
     874
     816
     807
     815
     775
     851
     893
     886
     891
     865
     824
     865
     838
     855
     851
     876
     819
     820
     842
     832
     879
     763
     798
     872
     872
     862
     865
     883
     854
     819
     780
     899
     905
     820
     841
     787
     837
     852
     939
     863
     798
     841
     798
     889
     863
     809
     912
     860
     901
     817
     820
     767
     763
     898
     842
     855
     849
     848
     876
     876
     813
     819
     813
     827
     910
     821
     915
     839
     885
     824
     837
     849
     856
     846
     854
     835
     858
     779
     875
     883
     837
     785
     843
     896
     835
     799
     869
     904
     846
     796
     837
     862
     847
     843
     853
     810
     855
     799
     807
     856
     833
     841
     870
     876
     820
     888
     839
     899
     862
     821
     829
     849
     837
     861
     861
     794
     854
     858
     829
     810
     871
     848
     848
     850
     794
     880
     826
     815
     813
     846
     941
     863
     812
     797
     828
     850
     848
     827
     819
     837
     806
     888
     828
     860
     833
     861
     786
     838
     833
     828
     851
     807
     831
     859
     889
     852
     840
     828
     812
     848
     875
     803
     821
     860
     879
     926
     809
     842
     880
     809
     925
     824
     792
     817
     833
     885
     824
     820
     854
     844
     829
     798
     826
     885
     813
     817
     774
     870
     822
     819
     811
     832
     765
     820
     787
     848
     877
     816
     744
     838
     855
     809
     786
     784
     832
     856
     859
     872
     832
     853
     888
     828
     907
     871
     825
     822
     832
     803
     818
     876
     863
     781
     789
     827
     825
     818
     883
     871
     855
     825
     905
     816
     863
     868
     859
     826
     832
     808
     858
     841
     870
     788
     860
     809
     814
     838
     780
     850
     834
     860
     845
     851
     858
     868
     814
     795
     823
     834
     864
     839
     884
     825
     864
     886
     761
     822
     825
     880
     887
     792
     796
     849
     753
     906
     840
     811
     810
     763
     838
     796
     901
     872
     850
     795
     877
     835
     853
     845
     809
     816
     824
     869
     841
     822
     813
     779
     782
     814
     798
     827
     918
     853
     818
     829
     781
     918
     863
     892
     858
     817
     846
     856
     810
     848
     797
     800
     875
     830
     802
     864
     801
     858
     786
     887
     823
     838
     848
     791
     877
     818
     817
     873
     869
     824
     845
     782
     762
     809
     881
     856
     870
     810
     838
     787
     829
     852
     760
     845
     793
     820
     839
     892
     771
     913
     851
     789
     895
     855
     835
     818
     824
     767
     848
     833
     906
     812
     759
     859
     877
     842
     821
     834
     872
     805
     839
     808
     904
     881
     782
     830
     826
     888
     851
     813
     852
     838
     851
     862
     771
     764
     879
     881
     807
     843
     792
     824
     813
     824
     845
     873
     817
     857
     865
     796
     866
     850
     884
     824
     806
     869
     793
     893
     827
     843
     841
     826
     765
     850
     792
     776
     861
     864
     810
     891
     877
     792
     876
     895
     807
     839
     811
     874
     864
     867
     853
     849
     843
     866
     845
     900
     867
     845
     801
     893
     842
     898
     834
     836
     821
     851
     782
     807
     822
     821
     835
     831
     899
     820
     809
     843
     798
     794
     867
     867
     825
     820
     793
     822
     798
     806
     859
     847
     858
     765
     823
     785
     808
     854
     787
     796
     898
     843
     788
     849
     816
     847
     917
     858
     737
     778
     848
     829
     770
     816
     886
     865
     892
     850
     822
     835
     774
     890
     828
     855
     856
     799
     818
     845
     892
     835
     839
     876
     871
     841
     876
     845
     853
     885
     851
     867
     849
     837
     855
     875
     814
     901
     817
     798
     872
     832
     808
     857
     820
     844
     907
     842
     740
     811
     860
     823
     923
     830
     891
     799
     870
     787
     840
     854
     811
     902
     827
     849
     794
     834
     847
     857
     865
     852
     810
     837
     826
     801
     869
     920
     856
     880
     795
     919
     892
     926
     843
     899
     886
     837
     839
     795
     867
     831
     819
     866
     804
     790
     768
     840
     763
     849
     849
     784
     825
     882
     865
     790
     865
     870
     834
     809
     789
     926
     856
     849
     851
     821
     824
     814
     835
     886
     825
     916
     856
     855
     861
     851
     804
     792
     894
     806
     871
     811
     810
     929
     903
     881
     820
     793
     769
     863
     844
     892
     830
     800
     903
     899
     824
     867
     783
     800
     853
     878
     861
     881
     865
     879
     830
     836
     825
     825
     826
     870
     864
     839
     848
     845
     816
     876
     848
     943
     887
     839
     915
     843
     839
     805
     838
     857
     818
     867
     847
     865
     872
     791
     866
     867
     863
     775
     875
     901
     788
     848
     837
     803
     870
     877
     901
     877
     839
     831
     867
     867
     836
     797
     838
     855
     848
     808
     879
     817
     848
     876
     858
     827
     823
     823
     846
     850
     868
     864
     842
     832
     747
     825
     807
     913
     841
     833
     885
     840
     810
     827
     865
     868
     884
     853
     824
     891
     826
     867
     830
     750
     856
     792
     852
     819
     871
     764
     841
     886
     876
     914
     805
     804
     876
     841
     915
     793
     915
     798
     900
     774
     849
     850
     796
     828
     865
     831
     862
     794
     889
     844
     825
     770
     875
     843
     850
     866
     842
     846
     822
     831
     899
     783
     826
     850
     810
     903
     768
     842
     770
     814
     855
     874
     793
     793
     853
     816
     858
     853
     882
     824
     770
     842
     842
     823
     838
     815
     889
     900
     783
     793
     759
     819
     793
     799
     809
     845
     832
     768
     813
     786
     886
     942
     821
     855
     855
     824
     879
     828
     892
     812
     842
     775
     812
     819
     906
     833
     816
     815
     837
     834
     921
     820
     808
     801
     870
     838
     792
     920
     880
     864
     814
     806
     839
     795
     798
     881
     829
     865
     855
     831
     883
     814
     805
     817
     818
     801
     846
     834
     800
     799
     848
     838
     887
     846
     861
     805
     818
     814
     925
     857
     870
     869
     812
     845
     841
     833
     868
     878
     787
     823
     851
     852
     802
     854
     797
     866
     840
     783
     857
     818
     870
     846
     818
     869
     786
     827
     807
     861
     811
     880
     833
     864
     854
     800
     857
     762
     868
     838
     864
     823
     819
     761
     791
     871
     836
     814
     838
     890
     955
     815
     896
     841
     897
     853
     864
     876
     893
     862
     820
     922
     842
     825
     834
     910
     821
     844
     797
     807
     826
     820
     801
     891
     819
     897
     864
     832
     905
     816
     910
     817
     829
     847
     870
     923
     823
     825
     902
     864
     857
     865
     811
     891
     866
     842
     821
     807
     848
     821
     890
     809
     801
     815
     847
     886
     818
     803
     826
     852
     894
     808
     843
     785
     773
     825
     868
     824
     867
     840
     795
     854
     841
     791
     944
     809
     855
     821
     877
     865
     825
     810
     850
     851
     827
     873
     803
     836
     869
     829
     878
     875
     824
     851
     802
     805
     843
     843
     848
     803
     935
     818
     807
     835
     847
     837
     857
     802
     888
     843
     847
     819
     831
     868
     853
     892
     778
     853
     850
     810
     834
     867
     878
     838
     861
     814
     799
     836
     826
     866
     746
     840
     783
     881
     826
     853
     838
     834
     842
     801
     856
     809
     823
     865
     848
     792
     817
     779
     789
     841
     822
     842
     796
     776
     797
     827
     902
     818
     859
     797
     819
     850
     855
     840
     805
     816
     822
     830
     886
     903
     807
     736
     844
     825
     901
     861
     819
     849
     831
     771
     895
     788
     887
     798
     842
     877
     863
     867
     882
     836
     854
     838
     849
     799
     821
     834
     824
     784
     869
     878
     902
     875
     807
     868
     783
     884
     877
     836
     881
     828
     874
     792
     825
     808
     774
     783
     912
     870
     843
     821
     838
     886
     883
     887
     890
     851
     885
     815
     883
     803
     773
     783
     851
     826
     830
     847
     854
     865
     846
     744
     807
     891
     781
     789
     819
     887
     826
     857
     846
     797
     764
     841
     853
     865
     829
     797
     861
     887
     829
     820
     913
     859
     824
     826
     803
     831
     832
     777
     849
     870
     895
     853
     896
     838
     806
     869
     820
     807
     898
     827
     823
     791
     851
     901
     906
     822
     833
     829
     765
     798
     876
     826
     860
     921
     872
     833
     818
     832
     841
     836
     884
     843
     880
     927
     852
     835
     811
     832
     857
     894
     873
     820
     761
     920
     859
     849
     833
     845
     828
     825
     849
     833
     902
     904
     807
     800
     863
     847
     822
     796
     822
     882
     834
     816
     867
     844
     860
     804
     875
     780
     800
     872
     811
     865
     814
     868
     913
     882
     820
     843
     840
     875
     876
     878
     853
     844
     847
     818
     818
     869
     862
     858
     863
     827
     845
     842
     839
     823
     822
     865
     774
     855
     847
     873
     837
     861
     832
     747
     854
     812
     841
     852
     793
     876
     797
     827
     805
     797
     858
     881
     841
     799
     858
     861
     793
     864
     817
     832
     829
     800
     787
     894
     885
     830
     871
     854
     830
     898
     813
     835
     853
     869
     761
     800
     832
     896
     846
     828
     850
     902
     836
     969
     810
     815
     861
     825
     862
     766
     765
     846
     840
     861
     819
     847
     858
     797
     861
     880
     854
     818
     827
     829
     816
     811
     849
     831
     768
     862
     784
     861
     862
     827
     828
     835
     761
     802
     838
     830
     785
     812
     870
     906
     832
     752
     779
     856
     899
     840
     926
     849
     931
     910
     781
     807
     871
     810
     819
     858
     842
     854
     791
     823
     899
     796
     830
     868
     867
     871
     844
     862
     812
     897
     855
     879
     880
     833
     829
     855
     873
     823
     855
     812
     815
     877
     874
     810
     863
     838
     804
     808
     888
     885
     787
     880
     878
     851
     852
     787
     862
     845
     880
     846
     830
     836
     815
     802
     863
     765
     760
     830
     808
     891
     841
     762
     835
     846
     837
     810
     829
     870
     804
     833
     827
     848
     885
     851
     873
     853
     801
     817
     855
     839
     795
     818
     810
     895
     907
     835
     838
     856
     806
     789
     881
     845
     799
     836
     858
     865
     845
     894
     856
     828
     856
     857
     822
     845
     841
     883
     857
     815
     832
     856
     843
     813
     875
     854
     799
     796
     896
     866
     765
     792
     859
     926
     827
     867
     850
     885
     795
     864
     793
     872
     840
     858
     760
     828
     827
     876
     889
     857
     816
     829
     831
     851
     813
     837
     810
     786
     794
     753
     824
     864
     852
     813
     803
     789
     821
     847
     865
     853
     831
     798
     834
     801
     814
     880
     866
     865
     862
     869
     802
     814
     881
     813
     852
     911
     879
     832
     833
     854
     832
     846
     842
     876
     836
     852
     835
     924
     866
     830
     774
     794
     828
     901
     822
     853
     801
     811
     791
     882
     859
     820
     881
     859
     804
     786
     822
     888
     835
     868
     803
     808
     802
     781
     848
     842
     822
     758
     816
     818
     760
     832
     820
     877
     844
     820
     814
     839
     764
     920
     904
     802
     777
     815
     787
     868
     846
     820
     825
     873
     832
     854
     812
     844
     804
     830
     814
     882
     885
     844
     818
     834
     775
     800
     867
     841
     848
     785
     872
     846
     884
     856
     847
     831
     820
     878
     852
     847
     864
     815
     835
     821
     829
     902
     886
     826
     803
     904
     833
     779
     853
     839
     773
     807
     805
     899
     833
     806
     759
     821
     858
     872
     844
     833
     854
     906
     880
     901
     861
     892
     848
     807
     881
     868
     869
     837
     868
     868
     816
     855
     870
     867
     830
     829
     835
     882
     859
     855
     833
     826
     773
     798
     852
     842
     876
     812
     838
     833
     875
     828
     843
     873
     882
     865
     870
     845
     853
     787
     850
     813
     831
     868
     798
     881
     870
     826
     846
     839
     818
     822
     827
     849
     874
     823
     856
     787
     878
     800
     850
     848
     890
     791
     848
     735
     833
     821
     837
     914
     889
     869
     791
     807
     850
     854
     818
     806
     895
     854
     831
     854
     836
     859
     805
     851
     855
     771
     859
     907
     882
     823
     763
     804
     821
     852
     916
     864
     857
     803
     813
     826
     866
     872
     867
     764
     803
     877
     857
     870
     874
     871
     848
     864
     829
     813
     854
     845
     826
     783
     757
     850
     856
     851
     801
     847
     878
     803
     821
     843
     808
     863
     787
     817
     800
     797
     906
     822
     862
     784
     837
     819
     806
     828
     851
     811
     846
     816
     870
     822
     825
     769
     853
     821
     819
     861
     913
     842
     820
     767
     840
     857
     845
     823
     834
     855
     803
     776
     860
     888
     814
     798
     809
     816
     875
     801
     828
     868
     885
     871
     866
     828
     870
     813
     840
     861
     858
     857
     850
     906
     801
     854
     818
     847
     887
     857
     815
     818
     805
     881
     794
     868
     788
     903
     817
     836
     859
     877
     754
     828
     801
     844
     793
     806
     814
     844
     830
     818
     750
     840
     784
     841
     828
     834
     869
     830
     799
     856
     782
     837
     815
     884
     886
     855
     778
     825
     797
     809
     800
     874
     782
     841
     870
     822
     841
     874
     796
     794
     898
     868
     835
     796
     847
     838
     795
     823
     771
     797
     889
     831
     801
     840
     859
     842
     826
     800
     823
     735
     801
     877
     884
     880
     833
     860
     791
     874
     860
     857
     778
     920
     773
     903
     864
     883
     869
     882
     846
     854
     760
     854
     841
     865
     798
     875
     818
     859
     802
     834
     766
     855
     830
     861
     763
     881
     877
     801
     854
     823
     880
     881
     800
     870
     807
     899
     814
     841
     890
     827
     899
     785
     838
     889
     820
     855
     809
     910
     798
     828
     835
     847
     746
     852
     892
     875
     790
     850
     848
     811
     841
     837
     799
     846
     861
     790
     849
     794
     853
     785
     904
     897
     857
     748
     841
     878
     856
     848
     856
     863
     861
     795
     767
     827
     818
     888
     859
     884
     827
     793
     859
     788
     769
     857
     856
     866
     858
     873
     905
     843
     857
     849
     768
     877
     760
     748
     795
     901
     849
     792
     837
     787
     844
     857
     841
     821
     858
     870
     881
     798
     864
     902
     821
     821
     904
     889
     854
     808
     827
     886
     887
     941
     831
     837
     927
     823
     794
     834
     801
     866
     844
     828
     850
     824
     811
     808
     856
     801
     848
     877
     831
     849
     852
     860
     895
     849
     842
     781
     829
     807
     786
     881
     821
     870
     879
     890
     817
     845
     864
     843
     873
     755
     865
     839
     874
     813
     890
     831
     806
     858
     795
     796
     765
     847
     795
     822
     860
     794
     797
     787
     812
     836
     878
     741
     821
     898
     842
     868
     889
     847
     838
     877
     897
     843
     837
     846
     810
     820
     824
     814
     845
     857
     845
     816
     831
     911
     844
     831
     892
     817
     848
     812
     741
     904
     852
     877
     915
     853
     851
     911
     854
     793
     849
     881
     872
     844
     850
     805
     844
     912
     827
     839
     793
     855
     809
     783
     866
     860
     837
     825
     859
     834
     818
     841
     923
     839
     862
     848
     881
     809
     860
     844
     812
     903
     885
     863
     840
     887
     842
     826
     834
     815
     854
     829
     875
     821
     846
     897
     831
     914
     846
     838
     866
     883
     795
     825
     782
     826
     809
     913
     829
     830
     784
     889
     782
     833
     820
     785
     842
     832
     816
     836
     845
     823
     890
     903
     861
     849
     870
     841
     842
     863
     839
     856
     791
     824
     817
     805
     841
     890
     808
     917
     796
     892
     808
     822
     800
     856
     818
     882
     848
     868
     823
     834
     876
     879
     810
     889
     817
     859
     875
     869
     759
     841
     788
     895
     851
     845
     799
     856
     875
     853
     863
     845
     803
     828
     903
     776
     861
     833
     841
     830
     814
     857
     827
     855
     803
     843
     784
     864
     799
     805
     873
     811
     846
     752
     855
     825
     931
     821
     808
     801
     868
     788
     851
     798
     803
     818
     844
     852
     842
     805
     902
     854
     844
     756
     801
     852
     833
     828
     873
     823
     829
     841
     809
     756
     829
     881
     823
     807
     833
     821
     869
     745
     825
     856
     818
     889
     860
     851
     829
     833
     895
     832
     854
     869
     838
     810
     931
     874
     842
     749
     866
     874
     867
     831
     811
     794
     852
     843
     913
     853
     887
     897
     800
     846
     867
     868
     869
     805
     872
     800
     854
     819
     909
     893
     893
     784
     798
     853
     865
     874
     844
     842
     832
     817
     799
     839
     816
     837
     822
     824
     831
     844
     900
     833
     787
     842
     864
     806
     852
     858
     866
     842
     793
     847
     842
     831
     871
     892
     795
     803
     805
     855
     840
     839
     811
     847
     839
     775
     819
     824
     851
     891
     819
     834
     897
     773
     867
     913
     840
     812
     850
     871
     805
     867
     821
     838
     854
     881
     872
     852
     816
     826
     898
     820
     783
     821
     866
     813
     848
     822
     838
     842
     918
     814
     878
     855
     892
     907
     845
     858
     829
     794
     823
     950
     856
     874
     870
     858
     866
     838
     860
     899
     841
     834
     879
     828
     882
     853
     817
     835
     819
     863
     833
     841
     865
     821
     844
     840
     827
     831
     865
     764
     840
     819
     829
     847
     870
     838
     825
     855
     833
     842
     919
     856
     803
     812
     875
     845
     817
     839
     896
     824
     828
     807
     834
     820
     862
     859
     863
     846
     827
     811
     786
     809
     830
     880
     801
     830
     805
     788
     851
     801
     871
     888
     898
     843
     872
     842
     802
     860
     874
     793
     864
     807
     836
     839
     890
     761
     842
     801
     811
     838
     825
     849
     830
     862
     852
     841
     883
     877
     894
     750
     825
     808
     865
     846
     906
     824
     828
     841
     844
     870
     851
     806
     829
     834
     799
     833
     842
     872
     774
     861
     855
     920
     784
     806
     816
     856
     849
     801
     887
     830
     841
     852
     810
     807
     877
     891
     775
     766
     849
     895
     816
     897
     838
     815
     847
     796
     865
     834
     816
     845
     845
     848
     811
     856
     848
     808
     805
     799
     800
     798
     867
     858
     857
     707
     850
     903
     870
     853
     808
     820
     810
     897
     828
     818
     831
     845
     827
     827
     889
     821
     849
     814
     843
     864
     851
     859
     778
     822
     869
     859
     830
     914
     776
     823
     840
     848
     803
     805
     915
     822
     810
     809
     785
     875
     798
     801
     808
     832
     942
     848
     850
     830
     802
     806
     878
     860
     862
     780
     833
     791
     840
     899
     822
     859
     837
     839
     850
     861
     888
     820
     912
     971
     842
     864
     906
     836
     839
     872
     774
     826
     840
     893
     884
     815
     807
     826
     762
     888
     856
     821
     865
     851
     829
     813
     869
     844
     796
     857
     836
     792
     832
     794
     814
     827
     863
     883
     804
     859
     825
     862
     878
     908
     838
     862
     820
     811
     866
     845
     861
     837
     790
     837
     830
     872
     850
     882
     912
     788
     877
     810
     863
     805
     809
     858
     845
     859
     822
     801
     878
     805
     836
     852
     846
     839
     800
     857
     841
     863
     922
     758
     806
     845
     879
     809
     831
     862
     822
     880
     800
     889
     825
     815
     834
     816
     892
     860
     864
     807
     870
     865
     873
     838
     829
     871
     867
     814
     819
     796
     874
     795
     757
     832
     870
     802
     817
     848
     812
     898
     842
     898
     762
     839
     858
     881
     846
     798
     854
     801
     854
     838
     902
     864
     851
     827
     901
     824
     832
     883
     838
     856
     816
     786
     876
     748
     858
     882
     905
     912
     870
     843
     837
     798
     819
     870
     836
     864
     819
     833
     896
     807
     824
     795
     863
     870
     887
     773
     791
     816
     848
     897
     887
     823
     883
     903
     864
     922
     823
     811
     846
     803
     826
     845
     813
     805
     821
     864
     816
     920
     861
     878
     846
     899
     872
     761
     859
     857
     830
     757
     807
     808
     807
     828
     806
     840
     863
     846
     864
     808
     784
     791
     820
     923
     837
     951
     844
     838
     766
     777
     841
     848
     835
     828
     846
     795
     829
     884
     808
     790
     901
     803
     833
     811
     855
     888
     786
     897
     806
     834
     848
     870
     843
     850
     879
     870
     825
     854
     846
     858
     790
     833
     833
     825
     826
     887
     832
     821
     857
     856
     881
     857
     829
     800
     839
     841
     885
     787
     858
     819
     850
     833
     888
     739
     846
     846
     884
     865
     884
     846
     822
     839
     837
     818
     794
     861
     896
     894
     800
     830
     791
     813
     855
     848
     842
     864
     911
     794
     878
     873
     778
     893
     848
     821
     856
     806
     859
     842
     828
     799
     826
     782
     847
     802
     893
     862
     817
     848
     881
     862
     898
     868
     827
     838
     802
     851
     743
     853
     820
     862
     845
     854
     819
     837
     824
     873
     828
     828
     854
     841
     827
     857
     820
     877
     843
     858
     873
     853
     806
     837
     812
     866
     808
     886
     851
     827
     889
     812
     824
     760
     821
     871
     836
     847
     803
     858
     921
     790
     806
     800
     843
     775
     790
     860
     872
     862
     886
     816
     839
     873
     935
     857
     826
     855
     927
     950
     849
     828
     883
     775
     829
     833
     865
     895
     816
     837
     884
     824
     820
     809
     853
     868
     865
     784
     869
     761
     826
     815
     817
     834
     835
     908
     905
     829
     824
     874
     834
     849
     848
     827
     824
     823
     885
     924
     765
     858
     870
     821
     818
     880
     877
     763
     784
     870
     789
     855
     866
     818
     847
     831
     828
     886
     808
     814
     851
     828
     887
     838
     800
     845
     856
     811
     793
     829
     873
     845
     857
     895
     792
     781
     799
     821
     809
     832
     896
     834
     910
     807
     839
     887
     849
     805
     838
     769
     837
     770
     824
     860
     801
     875
     778
     827
     860
     855
     784
     798
     883
     857
     770
     804
     869
     820
     925
     859
     866
     772
     870
     864
     810
     818
     825
     789
     828
     845
     826
     849
     817
     816
     801
     893
     934
     835
     879
     799
     812
     847
     839
     844
     847
     865
     825
     794
     836
     896
     825
     846
     808
     940
     885
     907
     861
     794
     842
     786
     821
     792
     857
     823
     846
     802
     885
     781
     799
     873
     825
     854
     746
     891
     866
     826
     789
     832
     874
     902
     811
     850
     808
     882
     907
     848
     810
     783
     863
     834
     871
     795
     904
     839
     826
     819
     860
     866
     885
     807
     840
     820
     844
     877
     817
     825
     804
     872
     788
     848
     821
     879
     822
     852
     825
     863
     810
     892
     796
     829
     824
     909
     866
     845
     885
     869
     845
     842
     791
     916
     845
     834
     869
     847
     844
     856
     869
     857
     875
     796
     826
     771
     839
     864
     833
     848
     828
     787
     827
     835
     802
     776
     814
     819
     846
     825
     806
     800
     872
     895
     816
     851
     826
     824
     782
     863
     829
     849
     817
     912
     836
     836
     830
     898
     869
     880
     832
     805
     859
     862
     857
     824
     865
     876
     795
     807
     815
     873
     795
     846
     828
     831
     815
     849
     901
     857
     833
     843
     831
     857
     791
     796
     904
     809
     844
     839
     783
     865
     827
     789
     857
     846
     793
     776
     866
     843
     821
     865
     847
     814
     907
     859
     856
     785
     820
     731
     873
     848
     839
     862
     873
     922
     826
     837
     831
     827
     811
     840
     805
     798
     924
     850
     850
     876
     845
     860
     854
     864
     765
     802
     790
     843
     825
     876
     870
     819
     810
     840
     855
     828
     822
     898
     825
     832
     915
     824
     868
     854
     880
     809
     816
     767
     869
     792
     901
     853
     856
     877
     810
     831
     810
     817
     828
     816
     791
     806
     867
     833
     817
     816
     865
     877
     774
     778
     777
     841
     896
     886
     885
     814
     830
     829
     782
     850
     835
     788
     851
     840
     850
     834
     849
     830
     852
     871
     819
     869
     795
     879
     821
     807
     842
     885
     789
     818
     868
     959
     830
     844
     806
     807
     844
     894
     877
     846
     865
     869
     814
     797
     872
     853
     834
     855
     809
     872
     846
     870
     844
     829
     884
     870
     798
     854
     811
     778
     805
     865
     813
     815
     822
     802
     857
     900
     842
     849
     779
     895
     855
     847
     879
     936
     864
     881
     803
     872
     757
     867
     846
     888
     868
     873
     851
     799
     893
     848
     811
     781
     884
     856
     867
     800
     895
     844
     812
     843
     790
     841
     780
     847
     848
     942
     792
     879
     817
     789
     830
     811
     844
     842
     850
     812
     793
     877
     814
     821
     837
     854
     790
     863
     809
     868
     848
     867
     874
     823
     794
     854
     859
     903
     821
     884
     824
     848
     861
     780
     853
     863
     871
     819
     812
     853
     962
     837
     805
     854
     833
     845
     834
     887
     831
     868
     826
     853
     831
     812
     864
     863
     853
     880
     775
     824
     824
     885
     804
     816
     820
     831
     808
     853
     852
     885
     864
     770
     857
     856
     873
     881
     852
     849
     822
     878
     854
     826
     855
     917
     865
     817
     843
     797
     820
     834
     830
     809
     777
     849
     854
     914
     787
     780
     858
     816
     817
     812
     831
     889
     847
     780
     864
     877
     850
     780
     833
     877
     846
     828
     839
     849
     787
     849
     826
     845
     838
     871
     810
     796
     837
     844
     837
     880
     819
     865
     858
     843
     808
     851
     880
     823
     845
     845
     829
     907
     817
     771
     816
     846
     895
     853
     833
     795
     866
     812
     808
     866
     791
     854
     761
     821
     783
     763
     894
     858
     821
     819
     795
     819
     902
     877
     884
     821
     858
     783
     809
     869
     789
     832
     905
     869
     884
     820
     789
     919
     882
     838
     856
     835
     837
     904
     859
     842
     751
     777
     808
     885
     852
     821
     845
     855
     804
     849
     905
     803
     809
     863
     841
     832
     823
     848
     814
     814
     862
     862
     874
     823
     835
     856
     805
     892
     819
     809
     867
     857
     829
     791
     831
     894
     874
     879
     825
     837
     889
     861
     816
     846
     832
     846
     876
     799
     820
     774
     850
     849
     823
     874
     829
     928
     818
     840
     842
     865
     839
     809
     888
     845
     835
     861
     874
     853
     865
     785
     838
     811
     819
     859
     860
     863
     843
     835
     913
     856
     905
     885
     839
     818
     864
     778
     834
     830
     788
     886
     796
     885
     906
     859
     691
     876
     886
     850
     839
     851
     823
     802
     857
     816
     910
     875
     789
     896
     817
     858
     877
     848
     811
     811
     814
     832
     878
     866
     817
     812
     886
     814
     812
     840
     831
     829
     908
     738
     832
     891
     807
     913
     846
     873
     839
     822
     795
     825
     834
     849
     838
     853
     880
     758
     818
     842
     877
     872
     780
     862
     879
     897
     848
     831
     838
     797
     850
     852
     851
     841
     894
     859
     873
     844
     802
     771
     757
     803
     935
     814
     811
     862
     830
     773
     875
     895
     821
     799
     828
     815
     781
     800
     803
     840
     803
     841
     815
     874
     851
     806
     880
     868
     811
     843
     831
     862
     831
     832
     806
     888
     829
     820
     859
     855
     768
     869
     866
     905
     822
     839
     799
     819
     817
     792
     778
     874
     843
     838
     814
     841
     853
     773
     877
     803
     802
     841
     933
     838
     813
     882
     822
     814
     854
     855
     811
     866
     809
     817
     903
     808
     854
     903
     777
     784
     817
     889
     836
     886
     890
     800
     891
     871
     870
     846
     802
     805
     802
     759
     807
     875
     838
     837
     826
     819
     905
     806
     850
     832
     928
     804
     857
     811
     871
     826
     774
     828
     820
     822
     849
     894
     895
     859
     857
     857
     809
     779
     800
     863
     854
     811
     848
     851
     830
     863
     807
     890
     844
     875
     838
     759
     890
     849
     816
     814
     824
     845
     926
     900
     805
     880
     863
     803
     842
     820
     788
     843
     835
     829
     799
     845
     841
     846
     765
     899
     813
     788
     810
     817
     861
     803
     834
     894
     839
     840
     858
     895
     864
     827
     823
     770
     869
     893
     890
     863
     825
     893
     805
     898
     856
     872
     833
     871
     906
     849
     839
     820
     818
     802
     828
     761
     871
     862
     834
     855
     803
     818
     870
     838
     796
     831
     862
     787
     787
     853
     857
     823
     803
     807
     833
     819
     848
     801
     870
     812
     806
     832
     754
     837
     856
     768
     799
     812
     926
     814
     824
     770
     869
     883
     944
     820
     751
     889
     824
     851
     848
     852
     841
     856
     881
     867
     877
     862
     804
     847
     789
     856
     864
     854
     866
     816
     816
     886
     885
     823
     863
     793
     849
     845
     794
     862
     812
     835
     780
     844
     863
     852
     804
     825
     870
     865
     846
     923
     773
     830
     847
     849
     809
     874
     855
     824
     876
     810
     805
     874
     835
     848
     850
     842
     878
     836
     865
     767
     862
     852
     795
     850
     843
     890
     847
     798
     785
     850
     824
     833
     812
     858
     828
     822
     832
     831
     827
     856
     797
     832
     873
     821
     791
     869
     853
     795
     861
     771
     842
     808
     800
     786
     823
     818
     827
     813
     788
     863
     788
     827
     828
     895
     878
     903
     788
     777
     810
     825
     814
     833
     900
     849
     847
     858
     791
     849
     809
     821
     842
     914
     905
     765
     814
     766
     875
     798
     821
     899
     821
     881
     850
     783
     831
     863
     878
     759
     816
     824
     783
     919
     836
     900
     854
     875
     841
     837
     853
     859
     868
     864
     837
     847
     845
     831
     835
     836
     857
     775
     907
     807
     783
     882
     889
     883
     841
     831
     825
     784
     841
     801
     881
     818
     811
     802
     873
     755
     844
     867
     822
     883
     874
     854
     841
     834
     815
     907
     863
     839
     808
     846
     903
     796
     843
     799
     851
     797
     855
     833
     844
     847
     826
     788
     833
     786
     875
     834
     828
     799
     807
     860
     876
     820
     805
     823
     894
     864
     878
     886
     824
     849
     757
     869
     835
     866
     792
     864
     798
     783
     826
     834
     848
     772
     844
     748
     918
     836
     796
     828
     813
     861
     872
     825
     845
     850
     863
     869
     876
     841
     829
     872
     902
     850
     800
     837
     839
     836
     804
     847
     865
     857
     853
     847
     827
     809
     818
     864
     883
     854
     875
     767
     854
     805
     857
     809
     851
     822
     809
     811
     771
     869
     857
     841
     827
     799
     898
     883
     854
     892
     823
     794
     800
     893
     873
     783
     750
     809
     804
     918
     900
     752
     863
     830
     813
     888
     899
     756
     818
     881
     851
     826
     834
     875
     840
     811
     808
     862
     882
     881
     820
     790
     828
     856
     845
     863
     868
     853
     834
     825
     830
     913
     803
     792
     799
     857
     865
     834
     801
     774
     827
     804
     868
     827
     799
     855
     851
     880
     771
     814
     868
     897
     784
     808
     899
     778
     861
     842
     779
     877
     895
     851
     850
     830
     886
     855
     778
     880
     799
     865
     867
     848
     874
     793
     883
     796
     802
     785
     783
     839
     835
     866
     817
     822
     810
     890
     784
     838
     898
     872
     847
     840
     852
     836
     828
     848
     869
     804
     862
     802
     808
     826
     842
     893
     822
     871
     826
     755
     838
     805
     822
     845
     823
     801
     848
     867
     799
     816
     900
     880
     861
     857
     806
     859
     783
     882
     831
     813
     832
     834
     876
     883
     825
     826
     840
     890
     810
     820
     792
     823
     803
     821
     774
     802
     785
     862
     857
     808
     866
     885
