    6370
    6186
    6290
    6403
    6262
    6209
    6444
    6371
    6414
    6290
    6124
    6335
    6303
    6373
    6200
    6279
    6347
    6360
    6316
    6290
    6138
    6143
    6271
    6331
    6460
    6247
    6295
    6291
    6360
    6194
    6374
    6202
    6227
    6370
    6228
    6276
    6351
    6109
    6290
    6243
    6105
    6248
    6284
    6243
    6437
    6272
    6414
    6326
    6158
    6160
    6267
    6248
    6334
    6476
    6232
    6290
    6311
    6190
    6327
    6348
    6206
    6261
    6258
    6391
    6113
    6298
    6476
    6378
    6264
    6492
    6315
    6509
    6188
    6256
    6343
    6222
    6354
    6366
    6185
    6344
    6300
    6300
    6298
    6254
    6248
    6241
    6288
    6276
    6119
    6302
    6175
    6218
    6487
    6335
    6381
    6342
    6350
    6389
    6230
    6538
    6372
    6302
    6249
    6346
    6402
    6311
    6286
    6360
    6293
    6407
    6403
    6385
    6415
    6397
    6306
    6253
    6278
    6222
    6376
    6326
    6323
    6015
    6375
    6216
    6319
    6252
    6169
    6376
    6213
    6150
    6374
    6316
    6302
    6348
    6272
    6315
    6387
    6334
    6197
    6231
    6312
    6170
    6239
    6242
    6349
    6434
    6289
    6369
    6384
    6332
    6240
    6280
    6342
    6328
    6211
    6285
    6197
    6390
    6257
    6403
    6240
    6289
    6295
    6309
    6354
    6224
    6226
    6389
    6419
    6324
    6246
    6236
    6184
    6340
    6233
    6406
    6399
    6245
    6260
    6403
    6369
    6355
    6348
    6359
    6206
    6377
    6422
    6368
    6198
    6221
    6339
    6373
    6353
    6311
    6246
    6414
    6314
    6293
    6230
    6233
    6240
    6304
    6336
    6315
    6223
    6381
    6417
    6239
    6182
    6267
    6262
    6229
    6291
    6260
    6243
    6371
    6160
    6328
    6259
    6305
    6478
    6206
    6425
    6139
    6311
    6299
    6338
    6198
    6365
    6345
    6348
    6336
    6273
    6380
    6206
    6438
    6442
    6154
    6301
    6422
    6240
    6436
    6368
    6342
    6296
    6261
    6262
    6186
    6244
    6338
    6271
    6387
    6329
    6230
    6454
    6275
    6424
    6326
    6335
    6303
    6284
    6344
    6165
    6304
    6275
    6229
    6214
    6154
    6452
    6364
    6288
    6342
    6214
    6254
    6155
    6234
    6172
    6337
    6376
    6134
    6342
    6310
    6305
    6158
    6228
    6225
    6287
    6282
    6263
    6351
    6369
    6159
    6384
    6268
    6398
    6230
    6392
    6349
    6356
    6407
    6326
    6298
    6207
    6185
    6252
    6344
    6258
    6224
    6226
    6321
    6255
    6176
    6406
    6288
    6296
    6416
    6362
    6365
    6307
    6251
    6447
    6323
    6143
    6243
    6307
    6261
    6329
    6343
    6427
    6287
    6381
    6258
    6303
    6251
    6401
    6288
    6131
    6321
    6301
    6444
    6284
    6284
    6219
    6285
    6141
    6288
    6287
    6425
    6305
    6308
    6230
    6346
    6159
    6181
    6376
    6201
    6296
    6427
    6213
    6257
    6250
    6388
    6273
    6390
    6163
    6252
    6312
    6281
    6385
    6257
    6278
    6189
    6371
    6214
    6176
    6351
    6165
    6438
    6220
    6311
    6383
    6345
    6260
    6240
    6375
    6225
    6253
    6135
    6287
    6295
    6336
    6276
    6309
    6402
    6194
    6307
    6244
    6281
    6483
    6259
    6316
    6406
    6253
    6286
    6274
    6240
    6325
    6273
    6374
    6297
    6256
    6376
    6495
    6264
    6368
    6180
    6265
    6314
    6219
    6351
    6322
    6415
    6363
    6366
    6448
    6200
    6261
    6249
    6342
    6230
    6245
    6235
    6365
    6322
    6229
    6355
    6281
    6307
    6253
    6315
    6241
    6375
    6374
    6321
    6215
    6369
    6389
    6273
    6209
    6195
    6321
    6473
    6235
    6366
    6323
    6316
    6403
    6278
    6279
    6268
    6247
    6145
    6281
    6380
    6384
    6318
    6305
    6331
    6123
    6294
    6392
    6308
    6334
    6249
    6239
    6205
    6437
    6399
    6266
    6160
    6260
    6316
    6284
    6150
    6327
    6334
    6252
    6216
    6194
    6355
    6073
    6219
    6431
    6315
    6279
    6320
    6310
    6100
    6409
    6295
    6235
    6275
    6196
    6261
    6212
    6296
    6464
    6326
    6231
    6297
    6140
    6167
    6332
    6258
    6381
    6249
    6508
    6449
    6449
    6411
    6274
    6319
    6444
    6417
    6349
    6436
    6326
    6342
    6200
    6263
    6410
    6248
    6281
    6262
    6316
    6295
    6263
    6457
    6285
    6331
    6248
    6332
    6335
    6255
    6339
    6264
    6240
    6278
    6461
    6292
    6382
    6324
    6364
    6390
    6203
    6179
    6461
    6219
    6191
    6383
    6370
    6261
    6455
    6337
    6237
    6265
    6341
    6405
    6218
    6315
    6324
    6278
    6201
    6248
    6343
    6306
    6348
    6385
    6260
    6234
    6313
    6262
    6201
    6182
    6286
    6293
    6234
    6311
    6253
    6292
    6271
    6327
    6370
    6403
    6298
    6295
    6295
    6199
    6331
    6304
    6343
    6385
    6354
    6315
    6319
    6341
    6384
    6203
    6346
    6281
    6276
    6381
    6287
    6268
    6235
    6297
    6318
    6308
    6380
    6345
    6282
    6304
    6269
    6272
    6352
    6355
    6363
    6250
    6277
    6256
    6338
    6334
    6355
    6226
    6258
    6231
    6319
    6321
    6317
    6261
    6333
    6321
    6401
    6311
    6277
    6285
    6244
    6364
    6308
    6296
    6265
    6429
    6299
    6280
    6332
    6248
    6422
    6142
    6129
    6219
    6377
    6341
    6347
    6293
    6276
    6117
    6200
    6369
    6268
    6330
    6269
    6465
    6398
    6395
    6454
    6208
    6282
    6185
    6301
    6348
    6384
    6229
    6374
    6312
    6346
    6377
    6253
    6375
    6260
    6392
    6369
    6281
    6266
    6223
    6283
    6195
    6402
    6301
    6230
    6178
    6260
    6310
    6318
    6365
    6175
    6222
    6256
    6333
    6347
    6192
    6488
    6343
    6284
    6411
    6233
    6352
    6231
    6276
    6226
    6367
    6234
    6356
    6235
    6331
    6195
    6195
    6136
    6357
    6375
    6360
    6413
    6278
    6253
    6256
    6298
    6384
    6097
    6407
    6286
    6281
    6211
    6258
    6344
    6285
    6390
    6202
    6303
    6309
    6332
    6337
    6200
    6269
    6315
    6173
    6337
    6342
    6265
    6319
    6253
    6156
    6386
    6197
    6097
    6400
    6382
    6356
    6294
    6215
    6141
    6356
    6184
    6342
    6244
    6341
    6175
    6210
    6338
    6342
    6384
    6317
    6383
    6352
    6354
    6329
    6304
    6423
    6302
    6423
    6285
    6253
    6258
    6223
    6292
    6244
    6353
    6146
    6318
    6355
    6396
    6319
    6320
    6274
    6364
    6114
    6330
    6225
    6196
    6273
    6286
    6377
    6209
    6431
    6287
    6187
    6399
    6282
    6368
    6483
    6213
    6147
    6328
    6363
    6349
    6376
    6330
    6256
    6249
    6302
    6417
    6331
    6338
    6309
    6281
    6281
    6307
    6412
    6240
    6356
    6252
    6294
    6222
    6296
    6313
    6392
    6229
    6368
    6470
    6218
    6263
    6192
    6299
    6267
    6425
    6379
    6251
    6260
    6492
    6329
    6174
    6289
    6155
    6298
    6198
    6357
    6303
    6241
    6299
    6309
    6355
    6405
    6372
    6218
    6259
    6318
    6304
    6295
    6276
    6223
    6101
    6264
    6253
    6322
    6319
    6432
    6335
    6269
    6223
    6357
    6159
    6195
    6240
    6168
    6149
    6214
    6373
    6237
    6207
    6285
    6284
    6272
    6350
    6313
    6184
    6380
    6269
    6232
    6126
    6321
    6233
    6429
    6216
    6307
    6359
    6250
    6376
    6179
    6324
    6372
    6442
    6281
    6268
    6205
    6270
    6387
    6387
    6445
    6323
    6342
    6275
    6380
    6212
    6268
    6304
    6276
    6353
    6369
    6386
    6140
    6392
    6329
    6225
    6216
    6404
    6243
    6249
    6305
    6251
    6377
    6351
    6431
    6308
    6324
    6288
    6393
    6331
    6277
    6309
    6431
    6104
    6320
    6306
    6339
    6461
    6126
    6215
    6150
    6357
    6209
    6356
    6244
    6256
    6238
    6232
    6356
    6189
    6358
    6302
    6332
    6351
    6426
    6402
    6318
    6459
    6176
    6291
    6252
    6350
    6263
    6302
    6238
    6189
    6358
    6329
    6270
    6212
    6350
    6158
    6295
    6244
    6281
    6261
    6390
    6187
    6263
    6360
    6304
    6359
    6260
    6199
    6384
    6432
    6364
    6328
    6181
    6297
    6266
    6312
    6256
    6373
    6395
    6405
    6116
    6225
    6280
    6343
    6089
    6287
    6366
    6265
    6431
    6217
    6352
    6247
    6486
    6337
    6242
    6206
    6235
    6250
    6417
    6256
    6269
    6380
    6282
    6342
    6102
    6141
    6377
    6372
    6373
    6236
    6292
    6273
    6392
    6423
    6259
    6169
    6278
    6298
    6297
    6273
    6296
    6397
    6270
    6351
    6294
    6286
    6255
    6132
    6228
    6327
    6265
    6285
    6433
    6264
    6413
    6427
    6348
    6299
    6337
    6312
    6306
    6297
    6308
    6307
    6162
    6276
    6167
    6198
    6372
    6153
    6358
    6236
    6146
    6367
    6355
    6259
    6261
    6411
    6425
    6310
    6236
    6341
    6242
    6272
    6352
    6306
    6397
    6357
    6422
    6253
    6346
    6284
    6301
    6244
    6263
    6373
    6452
    6188
    6303
    6212
    6344
    6208
    6074
    6239
    6505
    6386
    6343
    6249
    6276
    6322
    6374
    6381
    6195
    6296
    6324
    6349
    6227
    6285
    6241
    6331
    6327
    6309
    6229
    6285
    6274
    6181
    6349
    6348
    6090
    6273
    6323
    6260
    6185
    6199
    6382
    6213
    6412
    6389
    6396
    6393
    6354
    6558
    6161
    6426
    6421
    6255
    6395
    6348
    6371
    6285
    6282
    6244
    6220
    6154
    6237
    6284
    6328
    6199
    6246
    6371
    6283
    6254
    6298
    6329
    6179
    6261
    6329
    6274
    6332
    6338
    6348
    6482
    6303
    6326
    6282
    6293
    6324
    6350
    6311
    6449
    6317
    6323
    6320
    6323
    6250
    6286
    6299
    6310
    6266
    6271
    6129
    6327
    6357
    6492
    6366
    6396
    6419
    6267
    6225
    6263
    6191
    6270
    6134
    6321
    6182
    6228
    6316
    6223
    6282
    6276
    6133
    6348
    6354
    6395
    6474
    6197
    6158
    6311
    6316
    6264
    6236
    6338
    6214
    6304
    6295
    6367
    6232
    6295
    6324
    6346
    6248
    6494
    6433
    6263
    6199
    6274
    6235
    6407
    6236
    6237
    6173
    6373
    6111
    6326
    6241
    6353
    6165
    6258
    6312
    6258
    6281
    6318
    6238
    6152
    6373
    6320
    6320
    6154
    6288
    6245
    6219
    6429
    6243
    6256
    6262
    6206
    6212
    6251
    6241
    6216
    6218
    6310
    6244
    6273
    6248
    6376
    6320
    6229
    6350
    6269
    6334
    6212
    6230
    6298
    6279
    6233
    6221
    6271
    6396
    6381
    6270
    6366
    6211
    6251
    6369
    6321
    6300
    6210
    6244
    6304
    6345
    6341
    6361
    6240
    6303
    6197
    6302
    6293
    6205
    6359
    6355
    6101
    6330
    6358
    6280
    6271
    6166
    6403
    6413
    6267
    6351
    6219
    6334
    6282
    6274
    6286
    6354
    6287
    6357
    6271
    6311
    6339
    6243
    6248
    6300
    6265
    6407
    6257
    6319
    6187
    6300
    6232
    6364
    6231
    6366
    6312
    6282
    6253
    6300
    6314
    6243
    6323
    6355
    6455
    6369
    6221
    6262
    6486
    6430
    6295
    6302
    6211
    6399
    6228
    6376
    6290
    6239
    6241
    6227
    6426
    6356
    6267
    6383
    6204
    6322
    6097
    6500
    6501
    6408
    6205
    6244
    6411
    6137
    6288
    6166
    6351
    6250
    6193
    6446
    6267
    6270
    6417
    6401
    6348
    6232
    6260
    6314
    6299
    6273
    6262
    6473
    6419
    6420
    6329
    6391
    6151
    6209
    6212
    6248
    6047
    6365
    6324
    6322
    6286
    6297
    6403
    6386
    6324
    6202
    6257
    6287
    6292
    6374
    6338
    6214
    6156
    6318
    6266
    6317
    6335
    6338
    6275
    6226
    6217
    6163
    6238
    6334
    6306
    6305
    6267
    6257
    6333
    6289
    6193
    6174
    6228
    6240
    6285
    6476
    6345
    6447
    6309
    6279
    6387
    6159
    6199
    6407
    6295
    6324
    6335
    6184
    6195
    6381
    6279
    6151
    6371
    6188
    6407
    6368
    6293
    6310
    6125
    6307
    6313
    6324
    6222
    6379
    6323
    6318
    6183
    6432
    6257
    6404
    6418
    6408
    6260
    6175
    6305
    6344
    6273
    6216
    6165
    6334
    6218
    6413
    6369
    6345
    6411
    6331
    6328
    6197
    6033
    6403
    6268
    6281
    6345
    6496
    6291
    6299
    6288
    6166
    6301
    6265
    6177
    6141
    6320
    6240
    6350
    6282
    6472
    6372
    6272
    6273
    6311
    6350
    6266
    6202
    6396
    6430
    6264
    6261
    6454
    6421
    6478
    6313
    6160
    6225
    6231
    6383
    6365
    6238
    6188
    6370
    6233
    6410
    6320
    6339
    6132
    6206
    6233
    6262
    6310
    6278
    6250
    6256
    6240
    6409
    6359
    6143
    6313
    6393
    6333
    6290
    6208
    6515
    6208
    6266
    6311
    6219
    6365
    6226
    6342
    6308
    6411
    6296
    6273
    6316
    6419
    6128
    6406
    6252
    6223
    6389
    6218
    6340
    6345
    6527
    6364
    6331
    6276
    6223
    6258
    6162
    6229
    6341
    6422
    6278
    6415
    6284
    6198
    6181
    6315
    6348
    6326
    6333
    6204
    6310
    6199
    6258
    6361
    6310
    6395
    6347
    6204
    6232
    6198
    6355
    6447
    6243
    6288
    6206
    6198
    6126
    6340
    6249
    6328
    6338
    6212
    6251
    6241
    6314
    6194
    6309
    6458
    6192
    6173
    6231
    6203
    6259
    6279
    6239
    6185
    6311
    6231
    6227
    6301
    6142
    6218
    6107
    6357
    6417
    6295
    6365
    6291
    6206
    6181
    6220
    6381
    6153
    6245
    6153
    6241
    6496
    6266
    6219
    6086
    6252
    6354
    6242
    6277
    6192
    6344
    6267
    6158
    6282
    6256
    6343
    6383
    6138
    6429
    6494
    6324
    6258
    6487
    6324
    6200
    6302
    6241
    6209
    6247
    6339
    6324
    6406
    6255
    6312
    6316
    6252
    6374
    6219
    6451
    6274
    6327
    6358
    6397
    6284
    6313
    6249
    6320
    6401
    6416
    6257
    6181
    6266
    6282
    6220
    6243
    6246
    6375
    6242
    6281
    6389
    6409
    6263
    6270
    6410
    6352
    6245
    6281
    6373
    6298
    6332
    6314
    6307
    6136
    6276
    6325
    6332
    6383
    6322
    6332
    6236
    6357
    6282
    6480
    6278
    6378
    6388
    6294
    6264
    6356
    6469
    6393
    6377
    6322
    6217
    6132
    6373
    6275
    6152
    6223
    6453
    6213
    6327
    6255
    6282
    6236
    6255
    6417
    6428
    6375
    6367
    6319
    6318
    6278
    6380
    6344
    6278
    6188
    6290
    6253
    6204
    6338
    6338
    6232
    6270
    6383
    6356
    6276
    6300
    6315
    6246
    6240
    6187
    6239
    6177
    6421
    6488
    6338
    6395
    6252
    6265
    6248
    6238
    6062
    6179
    6330
    6264
    6221
    6181
    6315
    6323
    6218
    6395
    6327
    6437
    6283
    6255
    6237
    6357
    6140
    6164
    6182
    6195
    6353
    6389
    6153
    6313
    6370
    6380
    6325
    6308
    6282
    6215
    6379
    6187
    6298
    6294
    6430
    6431
    6095
    6274
    6245
    6229
    6362
    6387
    6162
    6332
    6215
    6346
    6287
    6348
    6339
    6040
    6226
    6260
    6227
    6218
    6204
    6264
    6420
    6198
    6283
    6315
    6229
    6311
    6375
    6423
    6271
    6274
    6436
    6252
    6187
    6394
    6318
    6404
    6160
    6265
    6161
    6343
    6327
    6250
    6397
    6370
    6481
    6258
    6452
    6241
    6236
    6351
    6432
    6338
    6256
    6269
    6293
    6296
    6408
    6421
    6297
    6273
    6387
    6350
    6246
    6263
    6288
    6524
    6214
    6417
    6190
    6303
    6269
    6447
    6099
    6256
    6302
    6392
    6317
    6376
    6232
    6331
    6369
    6334
    6313
    6215
    6245
    6335
    6308
    6212
    6182
    6203
    6297
    6254
    6288
    6267
    6213
    6352
    6225
    6247
    6276
    6273
    6342
    6340
    6266
    6359
    6226
    6399
    6413
    6292
    6395
    6247
    6317
    6275
    6306
    6285
    6237
    6255
    6337
    6413
    6236
    6287
    6369
    6244
    6253
    6211
    6340
    6254
    6335
    6235
    6364
    6211
    6219
    6295
    6305
    6284
    6302
    6389
    6286
    6323
    6250
    6363
    6275
    6431
    6359
    6156
    6325
    6366
    6304
    6231
    6302
    6313
    6260
    6313
    6319
    6327
    6264
    6263
    6247
    6245
    6384
    6256
    6301
    6245
    6200
    6197
    6259
    6313
    6318
    6224
    6273
    6336
    6129
    6372
    6216
    6340
    6217
    6261
    6336
    6337
    6244
    6526
    6297
    6383
    6310
    6437
    6182
    6265
    6404
    6317
    6350
    6247
    6168
    6261
    6218
    6393
    6319
    6383
    6286
    6336
    6359
    6119
    6418
    6361
    6265
    6220
    6329
    6428
    6315
    6322
    6176
    6419
    6238
    6256
    6314
    6212
    6242
    6258
    6274
    6352
    6343
    6058
    6294
    6259
    6315
    6269
    6343
    6261
    6320
    6280
    6275
    6238
    6177
    6341
    6367
    6364
    6124
    6201
    6405
    6368
    6206
    6204
    6294
    6472
    6331
    6294
    6361
    6267
    6288
    6345
    6232
    6176
    6274
    6183
    6341
    6429
    6167
    6405
    6371
    6325
    6327
    6197
    6343
    6307
    6264
    6233
    6271
    6332
    6399
    6410
    6359
    6152
    6162
    6387
    6232
    6319
    6428
    6318
    6404
    6348
    6381
    6359
    6328
    6165
    6221
    6396
    6245
    6289
    6164
    6228
    6235
    6467
    6275
    6252
    6440
    6220
    6330
    6357
    6360
    6250
    6345
    6238
    6400
    6132
    6314
    6270
    6235
    6418
    6352
    6136
    6398
    6196
    6216
    6274
    6228
    6264
    6339
    6249
    6505
    6281
    6452
    6323
    6354
    6294
    6226
    6303
    6272
    6314
    6335
    6295
    6138
    6428
    6244
    6200
    6092
    6327
    6375
    6315
    6351
    6284
    6323
    6261
    6362
    6235
    6339
    6239
    6363
    6283
    6350
    6327
    6312
    6383
    6232
    6309
    6359
    6316
    6256
    6359
    6188
    6301
    6284
    6386
    6255
    6389
    6440
    6399
    6105
    6344
    6392
    6360
    6324
    6311
    6303
    6409
    6299
    6140
    6329
    6196
    6483
    6214
    6324
    6350
    6289
    6399
    6507
    6195
    6314
    6209
    6342
    6236
    6246
    6292
    6314
    6247
    6257
    6304
    6336
    6355
    6273
    6407
    6298
    6376
    6449
    6159
    6200
    6393
    6356
    6365
    6234
    6371
    6265
    6421
    6256
    6429
    6266
    6265
    6135
    6339
    6389
    6224
    6227
    6360
    6388
    6244
    6254
    6259
    6473
    6358
    6253
    6403
    6376
    6244
    6119
    6221
    6466
    6271
    6373
    6306
    6232
    6205
    6212
    6345
    6387
    6290
    6352
    6348
    6226
    6292
    6289
    6334
    6347
    6308
    6228
    6300
    6323
    6461
    6320
    6251
    6258
    6161
    6333
    6286
    6189
    6449
    6309
    6227
    6213
    6290
    6464
    6304
    6138
    6142
    6253
    6266
    6396
    6213
    6365
    6256
    6291
    6259
    6241
    6217
    6424
    6264
    6121
    6179
    6313
    6175
    6103
    6207
    6211
    6407
    6374
    6180
    6416
    6239
    6390
    6145
    6243
    6221
    6349
    6427
    6240
    6243
    6243
    6311
    6282
    6301
    6361
    6191
    6433
    6258
    6215
    6182
    6426
    6434
    6337
    6477
    6368
    6246
    6155
    6205
    6257
    6397
    6374
    6285
    6257
    6249
    6366
    6451
    6115
    6399
    6288
    6387
    6261
    6243
    6315
    6316
    6332
    6254
    6317
    6243
    6162
    6322
    6266
    6271
    6232
    6246
    6313
    6167
    6416
    6411
    6220
    6318
    6272
    6384
    6370
    6317
    6456
    6309
    6238
    6303
    6345
    6255
    6149
    6347
    6458
    6222
    6207
    6246
    6314
    6408
    6306
    6243
    6341
    6229
    6190
    6394
    6278
    6267
    6329
    6173
    6313
    6283
    6411
    6074
    6236
    6315
    6227
    6279
    6466
    6339
    6286
    6269
    6270
    6480
    6331
    6368
    6288
    6259
    6525
    6247
    6199
    6174
    6364
    6352
    6225
    6220
    6353
    6295
    6201
    6296
    6240
    6256
    6107
    6338
    6390
    6292
    6460
    6327
    6366
    6256
    6335
    6223
    6270
    6256
    6408
    6310
    6299
    6112
    6284
    6283
    6311
    6397
    6408
    6419
    6296
    6163
    6466
    6371
    6275
    6318
    6219
    6315
    6280
    6306
    6232
    6234
    6302
    6341
    6288
    6318
    6299
    6398
    6231
    6332
    6364
    6246
    6189
    6158
    6157
    6378
    6254
    6273
    6277
    6348
    6282
    6197
    6520
    6317
    6303
    6340
    6309
    6180
    6257
    6369
    6261
    6320
    6189
    6270
    6297
    6322
    6321
    6204
    6236
    6369
    6189
    6169
    6196
    6193
    6249
    6400
    6349
    6176
    6138
    6323
    6231
    6343
    6433
    6304
    6219
    6352
    6355
    6343
    6307
    6232
    6206
    6349
    6167
    6524
    6258
    6257
    6237
    6267
    6447
    6211
    6265
    6231
    6430
    6262
    6298
    6326
    6220
    6327
    6287
    6228
    6212
    6293
    6237
    6316
    6397
    6322
    6328
    6369
    6290
    6245
    6218
    6281
    6293
    6204
    6252
    6280
    6274
    6251
    6316
    6386
    6343
    6406
    6328
    6132
    6293
    6283
    6255
    6348
    6219
    6415
    6272
    6307
    6261
    6248
    6317
    6236
    6496
    6299
    6413
    6200
    6444
    6244
    6334
    6307
    6467
    6365
    6332
    6248
    6344
    6238
    6203
    6403
    6357
    6299
    6411
    6340
    6491
    6348
    6254
    6272
    6514
    6365
    6325
    6119
    6287
    6228
    6271
    6389
    6348
    6304
    6233
    6307
    6161
    6266
    6312
    6423
    6344
    6363
    6309
    6209
    6364
    6324
    6308
    6267
    6336
    6349
    6291
    6290
    6384
    6273
    6348
    6415
    6418
    6202
    6276
    6349
    6247
    6291
    6290
    6356
    6460
    6309
    6303
    6279
    6347
    6132
    6340
    6334
    6357
    6258
    6452
    6343
    6388
    6187
    6376
    6305
    6289
    6381
    6381
    6253
    6288
    6340
    6468
    6273
    6429
    6353
    6256
    6389
    6261
    6271
    6239
    6208
    6361
    6352
    6241
    6311
    6307
    6373
    6475
    6290
    6329
    6175
    6463
    6303
    6383
    6332
    6166
    6206
    6311
    6224
    6301
    6257
    6332
    6204
    6393
    6285
    6261
    6369
    6247
    6326
    6415
    6167
    6339
    6266
    6195
    6314
    6308
    6325
    6341
    6296
    6267
    6372
    6328
    6356
    6348
    6194
    6325
    6232
    6353
    6304
    6198
    6372
    6289
    6215
    6419
    6206
    6352
    6392
    6222
    6133
    6178
    6266
    6303
    6288
    6349
    6285
    6273
    6290
    6310
    6313
    6269
    6150
    6237
    6315
    6297
    6247
    6251
    6260
    6224
    6335
    6277
    6248
    6281
    6354
    6157
    6307
    6170
    6246
    6299
    6312
    6296
    6427
    6277
    6362
    6363
    6319
    6345
    6426
    6360
    6308
    6300
    6337
    6349
    6495
    6157
    6272
    6341
    6209
    6312
    6359
    6273
    6320
    6350
    6278
    6392
    6203
    6324
    6249
    6340
    6240
    6113
    6272
    6205
    6250
    6217
    6371
    6348
    6275
    6274
    6336
    6214
    6321
    6269
    6206
    6297
    6372
    6271
    6192
    6295
    6321
    6352
    6329
    6169
    6506
    6404
    6275
    6114
    6285
    6281
    6183
    6313
    6495
    6347
    6341
    6224
    6324
    6343
    6265
    6393
    6379
    6368
    6375
    6374
    6252
    6398
    6266
    6335
    6254
    6387
    6145
    6374
    6221
    6330
    6407
    6220
    6134
    6343
    6432
    6325
    6353
    6358
    6301
    6482
    6189
    6169
    6266
    6178
    6158
    6181
    6248
    6435
    6442
    6356
    6267
    6397
    6298
    6196
    6420
    6315
    6269
    6276
    6280
    6400
    6178
    6108
    6312
    6398
    6130
    6327
    6227
    6200
    6251
    6408
    6116
    6294
    6435
    6422
    6424
    6279
    6207
    6319
    6249
    6211
    6231
    6486
    6245
    6165
    6341
    6245
    6252
    6367
    6187
    6369
    6332
    6304
    6310
    6363
    6278
    6364
    6238
    6166
    6463
    6195
    6281
    6270
    6312
    6423
    6375
    6211
    6241
    6476
    6331
    6278
    6186
    6242
    6300
    6284
    6196
    6399
    6363
    6321
    6302
    6278
    6265
    6358
    6165
    6301
    6297
    6479
    6399
    6087
    6315
    6204
    6367
    6326
    6360
    6367
    6247
    6178
    6288
    6384
    6293
    6436
    6388
    6185
    6375
    6290
    6230
    6104
    6289
    6430
    6348
    6290
    6262
    6328
    6224
    6177
    6277
    6432
    6080
    6331
    6180
    6393
    6170
    6418
    6181
    6334
    6189
    6380
    6292
    6262
    6283
    6176
    6343
    6219
    6294
    6317
    6224
    6225
    6361
    6324
    6362
    6351
    6343
    6095
    6280
    6413
    6338
    6377
    6298
    6123
    6415
    6325
    6458
    6349
    6261
    6243
    6136
    6248
    6273
    6271
    6152
    6347
    6316
    6348
    6237
    6243
    6160
    6294
    6266
    6232
    6262
    6280
    6137
    6264
    6265
    6264
    6351
    6239
    6449
    6247
    6297
    6282
    6411
    6287
    6416
    6358
    6329
    6368
    6156
    6442
    6283
    6479
    6311
    6352
    6224
    6367
    6296
    6292
    6279
    6395
    6332
    6280
    6258
    6425
    6387
    6462
    6255
    6407
    6306
    6450
    6333
    6369
    6251
    6373
    6343
    6338
    6241
    6360
    6310
    6310
    6323
    6363
    6365
    6219
    6348
    6375
    6218
    6286
    6248
    6292
    6370
    6475
    6267
    6157
    6340
    6103
    6363
    6369
    6355
    6268
    6245
    6320
    6298
    6205
    6393
    6451
    6415
    6339
    6366
    6240
    6321
    6274
    6472
    6204
    6287
    6295
    6348
    6391
    6146
    6222
    6313
    6380
    6219
    6259
    6344
    6289
    6203
    6384
    6430
    6357
    6399
    6249
    6167
    6229
    6209
    6257
    6409
    6300
    6397
    6319
    6300
    6329
    6353
    6350
    6302
    6275
    6341
    6263
    6171
    6197
    6349
    6138
    6199
    6206
    6275
    6296
    6386
    6343
    6272
    6309
    6158
    6272
    6204
    6267
    6272
    6402
    6313
    6269
    6164
    6264
    6466
    6245
    6456
    6374
    6332
    6389
    6297
    6311
    6362
    6198
    6326
    6322
    6380
    6484
    6190
    6289
    6332
    6406
    6404
    6266
    6308
    6333
    6422
    6317
    6313
    6214
    6271
    6399
    6205
    6126
    6419
    6290
    6357
    6111
    6335
    6360
    6257
    6423
    6321
    6156
    6308
    6273
    6387
    6257
    6203
    6280
    6251
    6366
    6241
    6336
    6327
    6301
    6321
    6490
    6194
    6233
    6185
    6254
    6247
    6332
    6237
    6390
    6353
    6307
    6456
    6249
    6333
    6350
    6186
    6094
    6363
    6236
    6247
    6149
    6262
    6280
    6311
    6217
    6240
    6377
    6315
    6318
    6419
    6252
    6233
    6319
    6307
    6462
    6123
    6256
    6350
    6471
    6205
    6395
    6303
    6274
    6280
    6352
    6248
    6382
    6257
    6366
    6334
    6234
    6275
    6376
    6174
    6343
    6511
    6249
    6357
    6210
    6318
    6328
    6213
    6368
    6273
    6316
    6126
    6172
    6195
    6258
    6362
    6348
    6362
    6298
    6265
    6208
    6279
    6398
    6191
    6221
    6307
    6289
    6260
    6350
    6336
    6426
    6046
    6312
    6339
    6313
    6300
    6313
    6370
    6215
    6244
    6342
    6260
    6201
    6149
    6197
    6284
    6332
    6211
    6235
    6247
    6265
    6419
    6317
    6395
    6425
    6271
    6341
    6252
    6223
    6280
    6316
    6166
    6252
    6336
    6419
    6253
    6274
    6263
    6169
    6308
    6239
    6337
    6400
    6243
    6350
    6273
    6331
    6258
    6515
    6277
    6330
    6379
    6258
    6480
    6282
    6308
    6118
    6229
    6197
    6259
    6226
    6183
    6284
    6164
    6171
    6262
    6260
    6362
    6235
    6396
    6231
    6358
    6299
    6311
    6311
    6207
    6318
    6322
    6288
    6320
    6489
    6249
    6284
    6408
    6160
    6355
    6263
    6361
    6309
    6350
    6339
    6388
    6337
    6241
    6262
    6283
    6235
    6216
    6331
    6285
    6147
    6384
    6302
    6351
    6154
    6274
    6397
    6198
    6230
    6276
    6429
    6331
    6333
    6364
    6313
    6426
    6357
    6244
    6340
    6217
    6440
    6101
    6326
    6321
    6082
    6307
    6323
    6311
    6176
    6317
    6279
    6369
    6295
    6339
    6174
    6318
    6234
    6341
    6191
    6310
    6336
    6392
    6312
    6290
    6234
    6183
    6126
    6270
    6329
    6205
    6264
    6299
    6300
    6373
    6363
    6407
    6323
    6435
    6310
    6292
    6436
    6211
    6330
    6344
    6242
    6367
    6248
    6326
    6241
    6401
    6265
    6170
    6321
    6354
    6343
    6364
    6286
    6401
    6319
    6065
    6410
    6295
    6255
    6371
    6095
    6292
    6288
    6327
    6371
    6340
    6296
    6167
    6334
    6305
    6118
    6268
    6248
    6392
    6374
    6261
    6357
    6342
    6407
    6396
    6123
    6256
    6243
    6329
    6217
    6248
    6344
    6361
    6271
    6381
    6258
    6447
    6173
    6062
    6252
    6261
    6248
    6370
    6388
    6453
    6178
    6318
    6205
    6476
    6173
    6212
    6185
    6261
    6499
    6386
    6369
    6383
    6230
    6189
    6281
    6230
    6273
    6251
    6319
    6300
    6323
    6308
    6299
    6324
    6367
    6150
    6328
    6216
    6162
    6344
    6263
    6269
    6319
    6161
    6381
    6391
    6283
    6282
    6379
    6236
    6393
    6250
    6224
    6321
    6302
    6251
    6272
    6287
    6319
    6288
    6238
    6257
    6363
    6341
    6380
    6160
    6243
    6215
    6315
    6363
    6317
    6307
    6190
    6366
    6340
    6249
    6550
    6420
    6280
    6476
    6371
    6202
    6304
    6336
    6256
    6207
    6325
    6267
    6312
    6268
    6254
    6172
    6315
    6515
    6420
    6246
    6282
    6288
    6269
    6394
    6429
    6259
    6304
    6339
    6357
    6325
    6219
    6350
    6381
    6333
    6220
    6176
    6347
    6345
    6240
    6376
    6315
    6218
    6376
    6236
    6270
    6407
    6065
    6276
    6340
    6528
    6342
    6407
    6238
    6317
    6264
    6322
    6307
    6393
    6331
    6439
    6423
    6466
    6314
    6249
    6255
    6271
    6419
    6565
    6112
    6298
    6262
    6291
    6366
    6269
    6167
    6428
    6312
    6223
    6300
    6252
    6222
    6288
    6371
    6332
    6437
    6419
    6362
    6109
    6350
    6318
    6290
    6353
    6282
    6325
    6446
    6286
    6264
    6449
    6329
    6270
    6239
    6391
    6409
    6373
    6325
    6324
    6364
    6405
    6306
    6240
    6407
    6390
    6436
    6291
    6386
    6323
    6357
    6394
    6421
    6292
    6403
    6277
    6297
    6264
    6299
    6283
    6325
    6279
    6224
    6297
    6183
    6364
    6241
    6350
    6196
    6160
    6227
    6269
    6293
    6255
    6403
    6214
    6257
    6349
    6401
    6231
    6278
    6382
    6263
    6292
    6403
    6457
    6292
    6266
    6409
    6341
    6190
    6370
    6175
    6222
    6352
    6416
    6291
    6264
    6164
    6213
    6337
    6337
    6414
    6256
    6347
    6224
    6180
    6367
    6115
    6288
    6306
    6462
    6466
    6380
    6264
    6347
    6308
    6517
    6174
    6343
    6285
    6277
    6282
    6383
    6293
    6227
    6384
    6264
    6208
    6344
    6400
    6330
    6157
    6321
    6314
    6271
    6196
    6345
    6274
    6324
    6206
    6373
    6319
    6267
    6368
    6329
    6237
    6315
    6311
    6422
    6340
    6244
    6300
    6227
    6419
    6231
    6343
    6303
    6224
    6320
    6406
    6444
    6371
    6241
    6345
    6277
    6483
    6331
    6299
    6101
    6307
    6359
    6475
    6243
    6206
    6331
    6408
    6392
    6280
    6285
    6378
    6272
    6250
    6361
    6132
    6309
    6158
    6290
    6316
    6267
    6344
    6380
    6270
    6342
    6361
    6378
    6352
    6414
    6275
    6243
    6276
    6252
    6195
    6228
    6374
    6445
    6247
    6299
    6269
    6380
    6325
    6347
    6228
    6272
    6274
    6352
    6102
    6288
    6331
    6209
    6320
    6194
    6309
    6183
    6264
    6303
    6397
    6313
    6110
    6406
    6359
    6142
    6372
    6165
    6278
    6329
    6342
    6210
    6232
    6348
    6338
    6386
    6353
    6221
    6313
    6274
    6226
    6361
    6352
    6278
    6169
    6335
    6407
    6165
    6362
    6323
    6291
    6310
    6305
    6263
    6258
    6389
    6235
    6359
    6197
    6177
    6308
    6380
    6274
    6365
    6436
    6309
    6303
    6185
    6303
    6313
    6148
    6173
    6317
    6244
    6216
    6270
    6290
    6405
    6318
    6457
    6265
    6267
    6445
    6279
    6189
    6300
    6237
    6465
    6217
    6153
    6298
    6346
    6187
    6376
    6270
    6305
    6195
    6245
    6336
    6373
    6405
    6184
    6283
    6386
    6182
    6244
    6234
    6271
    6426
    6225
    6319
    6258
    6137
    6308
    6229
    6407
    6159
    6243
    6452
    6291
    6188
    6280
    6338
    6355
    6365
    6444
    6263
    6274
    6254
    6135
    6257
    6232
    6216
    6244
    6189
    6228
    6389
    6310
    6406
    6410
    6298
    6233
    6297
    6300
    6504
    6336
    6443
    6243
    6212
    6355
    6242
    6246
    6467
    6211
    6406
    6281
    6341
    6281
    6363
    6262
    6350
    6182
    6408
    6209
    6289
    6202
    6222
    6275
    6186
    6352
    6388
    6224
    6172
    6164
    6061
    6294
    6414
    6184
    6308
    6254
    6325
    6389
    6304
    6376
    6420
    6334
    6271
    6359
    6396
    6189
    6260
    6525
    6237
    6238
    6195
    6339
    6306
    6333
    6281
    6211
    6306
    6261
    6412
    6374
    6394
    6325
    6348
    6306
    6327
    6265
    6387
    6346
    6398
    6313
    6195
    6325
    6336
    6211
    6381
    6326
    6288
    6274
    6123
    6212
    6349
    6396
    6206
    6351
    6264
    6514
    6364
    6252
    6129
    6223
    6240
    6399
    6250
    6256
    6171
    6163
    6404
    6266
    6227
    6417
    6297
    6454
    6274
    6313
    6195
    6425
    6265
    6374
    6233
    6316
    6344
    6360
    6267
    6144
    6183
    6348
    6289
    6176
    6419
    6261
    6307
    6319
    6263
    6293
    6352
    6292
    6107
    6233
    6325
    6243
    6487
    6323
    6328
    6346
    6283
    6381
    6202
    6384
    6550
    6373
    6188
    6393
    6376
    6267
    6447
    6261
    6396
    6221
    6390
    6231
    6257
    6325
    6218
    6510
    6313
    6342
    6207
    6356
    6303
    6260
    6261
    6308
    6204
    6237
    6332
    6204
    6220
    6338
    6347
    6214
    6270
    6256
    6384
    6256
    6192
    6345
    6413
    6289
    6381
    6392
    6357
    6229
    6285
    6449
    6254
    6285
    6351
    6283
    6379
    6337
    6245
    6437
    6247
    6287
    6160
    6269
    6433
    6263
    6336
    6308
    6181
    6303
    6209
    6366
    6309
    6384
    6448
    6268
    6525
    6362
    6320
    6268
    6240
    6198
    6352
    6332
    6255
    6311
    6307
    6288
    6304
    6288
    6370
    6200
    6310
    6257
    6416
    6220
    6312
    6248
    6481
    6445
    6257
    6351
    6228
    6302
    6213
    6265
    6301
    6244
    6339
    6179
    6356
    6618
    6170
    6437
    6139
    6291
    6331
    6339
    6244
    6319
    6312
    6310
    6290
    6236
    6376
    6300
    6306
    6284
    6198
    6315
    6288
    6143
    6284
    6392
    6262
    6338
    6234
    6456
    6291
    6312
    6334
    6213
    6237
    6425
    6547
    6239
    6093
    6412
    6370
    6420
    6379
    6338
    6194
    6333
    6320
    6339
    6224
    6210
    6272
    6354
    6357
    6204
    6248
    6261
    6295
    6351
    6302
    6293
    6417
    6338
    6335
    6336
    6276
    6320
    6290
    6351
    6185
    6309
    6369
    6320
    6344
    6278
    6364
    6251
    6498
    6458
    6350
    6353
    6360
    6293
    6245
    6363
    6253
    6345
    6127
    6368
    6331
    6249
    6180
    6194
    5979
    6360
    6210
    6339
    6284
    6249
    6417
    6233
    6134
    6330
    6106
    6380
    6442
    6354
    6276
    6297
    6127
    6351
    6322
    6381
    6270
    6309
    6344
    6245
    6213
    6366
    6356
    6310
    6182
    6356
    6375
    6274
    6227
    6412
    6349
    6237
    6310
    6257
    6283
    6424
    6346
    6239
    6283
    6248
    6302
    6035
    6336
    6524
    6304
    6364
    6332
    6477
    6496
    6356
    6297
    6239
    6261
    6293
    6399
    6089
    6280
    6198
    6431
    6290
    6302
    6293
    6196
    6293
    6196
    6289
    6202
    6280
    6261
    6214
    6366
    6370
    6334
    6207
    6325
    6260
    6235
    6384
    6379
    6389
    6146
    6197
    6270
    6208
    6236
    6283
    6338
    6448
    6395
    6539
    6355
    6507
    6440
    6377
    6330
    6181
    6236
    6301
    6369
    6371
    6274
    6252
    6219
    6355
    6334
    6252
    6186
    6300
    6279
    6348
    6184
    6402
    6236
    6351
    6259
    6379
    6271
    6131
    6348
    6142
    6337
    6269
    6213
    6187
    6274
    6321
    6263
    6374
    6406
    6282
    6464
    6437
    6192
    6314
    6304
    6376
    6447
    6193
    6398
    6330
    6273
    6273
    6418
    6265
    6201
    6255
    6211
    6380
    6256
    6234
    6432
    6411
    6267
    6271
    6153
    6278
    6430
    6314
    6287
    6321
    6188
    6218
    6323
    6224
    6229
    6056
    6245
    6245
    6218
    6334
    6190
    6248
    6149
    6289
    6381
    6274
    6273
    6229
    6284
    6296
    6257
    6206
    6398
    6274
    6187
    6260
    6326
    6290
    6320
    6187
    6267
    6338
    6353
    6367
    6359
    6235
    6226
    6382
    6266
    6314
    6271
    6263
    6310
    6107
    6290
    6277
    6434
    6219
    6381
    6402
    6340
    6324
    6101
    6271
    6156
    6318
    6273
    6260
    6381
    6393
    6160
    6245
    6400
    6204
    6361
    6187
    6253
    6233
    6305
    6277
    6467
    6153
    6353
    6418
    6373
    6322
    6437
    6366
    6307
    6412
    6335
    6223
    6260
    6398
    6305
    6361
    6367
    6224
    6408
    6218
    6321
    6325
    6264
    6233
    6215
    6307
    6479
    6189
    6196
    6223
    6251
    6279
    6318
    6283
    6389
    6292
    6266
    6442
    6261
    6273
    6236
    6305
    6451
    6399
    6310
    6248
    6181
    6297
    6423
    6349
    6303
    6325
    6294
    6409
    6369
    6301
    6378
    6351
    6334
    6266
    6399
    6250
    6198
    6162
    6328
    6535
    6315
    6373
    6441
    6319
    6318
    6368
    6359
    6342
    6442
    6338
    6219
    6394
    6387
    6268
    6452
    6259
    6310
    6303
    6317
    6404
    6249
    6225
    6318
    6308
    6288
    6257
    6323
    6276
    6143
    6310
    6248
    6364
    6295
    6304
    6239
    6217
    6420
    6178
    6202
    6348
    6267
    6262
    6333
    6332
    6332
    6163
    6210
    6522
    6182
    6268
    6361
    6305
    6299
    6371
    6040
    6417
    6270
    6288
    6426
    6394
    6298
    6431
    6284
    6306
    6365
    6316
    6347
    6247
    6292
    6353
    6227
    6347
    6421
    6358
    6354
    6201
    6301
    6353
    6347
    6238
    6171
    6190
    6195
    6255
    6275
    6270
    6290
    6446
    6450
    6312
    6385
    6283
    6205
    6242
    6200
    6180
    6320
    6206
    6310
    6167
    6288
    6152
    6254
    6226
    6277
    6364
    6114
    6251
    6266
    6403
    6187
    6188
    6144
    6241
    6278
    6249
    6223
    6455
    6213
    6321
    6261
    6436
    6128
    6405
    6373
    6188
    6373
    6285
    6155
    6260
    6307
    6226
    6329
    6190
    6389
    6318
    6288
    6330
    6229
    6473
    6436
    6331
    6347
    6256
    6274
    6327
    6299
    6389
    6358
    6337
    6180
    6327
    6184
    6403
    6403
    6293
    6312
    6333
    6266
    6377
    6341
    6239
    6235
    6121
    6157
    6125
    6144
    6302
    6290
    6333
    6226
    6377
    6271
    6229
    6226
    6405
    6462
    6285
    6318
    6249
    6271
    6358
    6397
    6398
    6407
    6325
    6281
    6315
    6196
    6293
    6224
    6272
    6194
    6248
    6098
    6270
    6240
    6211
    6350
    6212
    6221
    6342
    6118
    6326
    6161
    6302
    6337
    6139
    6305
    6331
    6273
    6377
    6201
    6207
    6251
    6281
    6307
    6353
    6347
    6454
    6241
    6372
    6288
    6254
    6392
    6484
    6320
    6224
    6238
    6286
    6277
    6360
    6358
    6392
    6199
    6180
    6312
    6330
    6280
    6152
    6261
    6243
    6382
    6063
    6286
    6264
    6246
    6308
    6318
    6330
    6267
    6154
    6253
    6327
    6287
    6426
    6250
    6305
    6276
    6427
    6378
    6233
    6450
    6208
    6250
    6300
    6472
    6209
    6352
    6258
    6313
    6172
    6286
    6449
    6248
    6161
    6194
    6223
    6273
    6259
    6243
    6315
    6256
    6266
    6126
    6429
    6211
    6406
    6365
    6345
    6250
    6190
    6379
    6357
    6412
    6304
    6342
    6294
    6105
    6257
    6308
    6535
    6428
    6314
    6160
    6560
    6427
    6138
    6205
    6348
    6276
    6304
    6306
    6327
    6337
    6176
    6201
    6370
    6320
    6276
    6403
    6379
    6366
    6297
    6339
    6176
    6173
    6492
    6393
    6209
    6482
    6291
    6169
    6268
    6277
    6256
    6267
    6291
    6395
    6269
    6354
    6263
    6274
    6253
    6409
    6432
    6298
    6385
    6366
    6389
    6387
    6196
    6325
    6265
    6317
    6390
    6313
    6261
    6261
    6316
    6325
    6365
    6285
    6473
    6383
    6204
    6298
    6216
    6224
    6427
    6477
    6280
    6380
    6391
    6393
    6313
    6344
    6263
    6189
    6352
    6289
    6290
    6441
    6239
    6291
    6311
    6282
    6334
    6328
    6273
    6247
    6243
    6374
    6260
    6309
    6200
    6182
    6140
    6268
    6148
    6367
    6386
    6176
    6194
    6465
    6311
    6395
    6172
    6380
    6259
    6299
    6275
    6241
    6147
    6399
    6245
    6383
    6297
    6296
    6224
    6402
    6302
    6333
    6375
    6299
    6233
    6301
    6337
    6425
    6296
    6162
    6212
    6173
    6297
    6440
    6379
    6365
    6387
    6219
    6296
    6314
    6202
    6226
    6197
    6226
    6304
    6332
    6429
    6224
    6250
    6446
    6371
    6208
    6372
    6211
    6338
    6108
    6324
    6385
    6292
    6187
    6306
    6316
    6266
    6376
    6339
    6276
    6216
    6316
    6207
    6267
    6042
    6296
    6277
    6285
    6302
    6403
    6263
    6407
    6378
    6310
    6243
    6497
    6132
    6334
    6353
    6275
    6288
    6305
    6257
    6383
    6277
    6337
    6287
    6331
    6237
    6350
    6225
    6221
    6200
    6438
    6103
    6373
    6109
    6410
    6266
    6395
    6238
    6278
    6274
    6280
    6366
    6387
    6309
    6348
    6198
    6273
    6336
    6463
    6353
    6404
    6506
    6236
    6305
    6206
    6306
    6260
    6298
    6335
    6302
    6396
    6404
    6194
    6395
    6209
    6212
    6182
    6379
    6138
    6467
    6278
    6056
    6311
    6430
    6307
    6103
    6298
    6371
    6300
    6191
    6206
    6445
    6274
    6333
    6224
    6226
    6407
    6335
    6246
    6319
    6291
    6260
    6270
    6369
    6099
    6266
    6182
    6284
    6481
    6231
    6347
    6161
    6230
    6208
    6252
    6314
    6377
    6254
    6130
    6155
    6337
    6256
    6269
    6352
    6045
    6281
    6372
    6241
    6205
    6207
    6235
    6260
    6255
    6428
    6288
    6327
    6286
    6191
    6291
    6229
    6428
    6436
    6258
    6169
    6395
    6264
    6339
    6421
    6353
    6164
    6387
    6283
    6158
    6172
    6251
    6399
    6259
    6382
    6246
    6272
    6368
    6413
    6408
    6271
    6212
    6328
    6381
    6333
    6372
    6289
    6159
    6273
    6134
    6331
    6278
    6349
    6419
    6306
    6284
    6354
    6353
    6165
    6258
    6305
    6284
    6275
    6192
    6349
    6279
    6290
    6311
    6318
    6231
    6313
    6208
    6245
    6303
    6272
    6209
    6323
    6353
    6315
    6315
    6285
    6298
    6272
    6283
    6248
    6205
    6172
    6312
    6385
    6141
    6193
    6124
    6268
    6287
    6339
    6281
    6231
    6305
    6300
    6278
    6349
    6127
    6237
    6359
    6224
    6190
    6411
    6313
    6425
    6261
    6298
    6286
    6270
    6269
    6289
    6238
    6171
    6506
    6278
    6285
    6084
    6339
    6280
    6310
    6229
    6409
    6197
    6421
    6269
    6288
    6150
    6248
    6166
    6236
    6310
    6326
    6124
    6262
    6307
    6301
    6132
    6330
    6286
    6318
    6284
    6260
    6267
    6413
    6396
    6302
    6331
    6313
    6282
    6176
    6461
    6341
    6375
    6320
    6171
    6147
    6383
    6244
    6389
    6229
    6251
    6349
    6387
    6399
    6291
    6231
    6215
    6359
    6259
    6267
    6277
    6334
    6375
    6381
    6134
    6265
    6464
    6411
    6265
    6222
    6249
    6310
    6237
    6267
    6542
    6262
    6282
    6114
    6383
    6247
    6222
    6236
    6161
    6246
    6227
    6297
    6261
    6277
    6246
    6320
    6337
    6277
    6253
    6210
    6312
    6153
    6148
    6306
    6273
    6391
    6255
    6278
    6315
    6341
    6281
    6234
    6180
    6272
    6352
    6240
    6286
    6242
    6251
    6445
    6232
    6269
    6201
    6357
    6302
    6245
    6301
    6282
    6456
    6270
    6242
    6115
    6199
    6216
    6327
    6348
    6070
    6300
    6256
    6231
    6140
    6289
    6177
    6519
    6224
    6459
    6296
    6386
    6341
    6226
    6276
    6433
    6317
    6368
    6401
    6293
    6237
    6271
    6210
    6336
    6208
    6362
    6365
    6411
    6239
    6431
    6390
    6366
    6252
    6297
    6453
    6398
    6394
    6358
    6174
    6288
    6256
    6235
    6141
    6111
    6284
    6371
    6262
    6457
    6366
    6410
    6269
    6281
    6278
    6081
    6314
    6395
    6358
    6260
    6382
    6240
    6226
    6379
    6264
    6273
    6350
    6309
    6230
    6262
    6258
    6277
    6402
    6309
    6406
    6171
    6260
    6302
    6298
    6387
    6225
    6279
    6299
    6441
    6127
    6371
    6365
    6346
    6262
    6385
    6398
    6333
    6379
    6318
    6281
    6498
    6252
    6255
    6196
    6271
    6331
    6311
    6349
    6314
    6373
    6311
    6349
    6490
    6318
    6231
    6295
    6273
    6190
    6227
    6289
    6347
    6333
    6449
    6263
    6188
    6314
    6299
    6381
    6316
    6277
    6328
    6359
    6294
    6286
    6296
    6331
    6362
    6283
    6310
    6230
    6309
    6289
    6146
    6385
    6298
    6347
    6346
    6270
    6393
    6353
    6249
    6068
    6423
    6347
    6224
    6315
    6257
    6437
    6138
    6320
    6389
    6323
    6274
    6196
    6099
    6296
    6142
    6154
    6364
    6211
    6274
    6232
    6221
    6272
    6318
    6330
    6317
    6330
    6313
    6296
    6328
    6393
    6196
    6194
    6250
    6241
    6288
    6264
    6337
    6269
    6264
    6132
    6355
    6328
    6327
    6461
    6236
    6308
    6331
    6255
    6389
    6171
    6052
    6204
    6275
    6293
    6334
    6258
    6203
    6274
    6258
    6248
    6368
    6298
    6383
    6315
    6177
    6453
    6254
    6378
    6172
    6422
    6352
    6301
    6266
    6268
    6326
    6245
    6317
    6255
    6178
    6215
    6354
    6321
    6240
    6395
    6283
    6323
    6208
    6234
    6389
    6359
    6286
    6484
    6134
    6357
    6331
    6264
    6224
    6147
    6414
    6450
    6337
    6432
    6321
    6348
    6245
    6149
    6358
    6302
    6167
    6299
    6116
    6256
    6401
    6380
    6223
    6314
    6232
    6455
    6311
    6214
    6257
    6292
    6218
    6174
    6294
    6204
    6320
    6378
    6108
    6261
    6360
    6206
    6402
    6310
    6293
    6274
    6277
    6371
    6288
    6237
    6181
    6191
    6311
    6300
    6269
    6260
    6204
    6459
    6135
    6336
    6262
    6286
    6244
    6148
    6373
    6253
    6359
    6285
    6301
    6527
    6350
    6239
    6312
    6312
    6218
    6228
    6414
    6286
    6296
    6408
    6379
    6298
    6185
    6321
    6215
    6414
    6278
    6330
    6374
    6276
    6327
    6234
    6373
    6210
    6377
    6296
    6223
    6208
    6306
    6352
    6362
    6218
    6332
    6496
    6274
    6371
    6149
    6385
    6402
    6222
    6353
    6286
    6299
    6242
    6192
    6280
    6257
    6270
    6203
    6272
    6384
    6304
    6188
    6405
    6451
    6310
    6335
    6344
    6366
    6169
    6245
    6430
    6255
    6159
    6288
    6338
    6346
    6262
    6325
    6176
    6372
    6306
    6268
    6385
    6223
    6285
    6290
    6362
    6193
    6288
    6381
    6345
    6324
    6496
    6232
    6479
    6221
    6329
    6193
    6330
    6224
    6386
    6135
    6242
    6306
    6321
    6387
    6358
    6319
    6337
    6215
    6373
    6290
    6322
    6343
    6318
    6451
    6092
    6311
    6217
    6267
    6407
    6396
    6384
    6246
    6341
    6351
    6394
    6284
    6290
    6161
    6167
    6086
    6165
    6274
    6230
    6321
    6305
    6303
    6311
    6263
    6314
    6345
    6194
    6414
    6391
    6249
    6170
    6256
    6394
    6102
    6401
    6340
    6453
    6453
    6452
    6165
    6249
    6306
    6340
    6237
    6357
    6298
    6221
    6224
    6311
    6337
    6292
    6326
    6294
    6321
    6169
    6244
    6314
    6263
    6417
    6128
    6206
    6333
    6386
    6303
    6292
    6185
    6192
    6292
    6410
    6439
    6397
    6379
    6302
    6313
    6361
    6422
    6359
    6313
    6275
    6275
    6343
    6346
    6222
    6350
    6342
    6433
    6389
    6263
    6365
    6203
    6253
    6296
    6370
    6396
    6278
    6277
    6172
    6319
    6191
    6217
    6260
    6246
    6340
    6179
    6241
    6198
    6142
    6211
    6368
    6209
    6451
    6239
    6204
    6386
    6365
    6433
    6339
    6226
    6268
    6332
    6346
    6214
    6342
    6270
    6273
    6427
    6279
    6187
    6359
    6205
    6330
    6332
    6450
    6286
    6411
    6305
    6178
    6210
    6248
    6185
    6198
    6247
    6267
    6312
    6198
    6309
    6306
    6202
    6399
    6145
    6253
    6240
    6287
    6215
    6264
    6389
    6403
    6160
    6320
    6347
    6372
    6221
    6228
    6367
    6147
    6292
    6115
    6364
    6277
    6236
    6328
    6236
    6274
    6220
    6199
    6262
    6403
    6393
    6320
    6160
    6317
    6246
    6268
    6313
    6360
    6304
    6324
    6316
    6140
    6364
    6195
    6133
    6142
    6239
    6331
    6211
    6379
    6328
    6331
    6294
    6184
    6395
    6239
    6241
    6312
    6434
    6273
    6405
    6340
    6312
    6330
    6342
    6344
    6382
    6375
    6265
    6319
    6127
    6278
    6349
    6314
    6318
    6386
    6300
    6295
    6241
    6316
    6292
    6352
    6436
    6267
    6279
    6342
    6263
    6286
    6234
    6402
    6309
    6280
    6162
    6378
    6439
    6237
    6264
    6251
    6290
    6240
    6477
    6268
    6208
    6279
    6238
    6304
    6321
    6342
    6321
    6171
    6391
    6340
    6234
    6451
    6450
    6160
    6405
    6319
    6196
    6342
    6273
    6326
    6316
    6141
    6225
    6306
    6281
    6255
    6345
    6237
    6250
    6534
    6177
    6229
    6361
    6345
    6241
    6368
    6173
    6462
    6421
    6364
    6232
    6303
    6341
    6251
    6248
    6342
    6245
    6267
    6374
    6199
    6361
    6380
    6342
    6273
    6275
    6349
    6450
    6154
    6309
    6152
    6375
    6295
    6253
    6360
    6124
    6411
    6295
    6352
    6215
    6300
    6206
    6253
    6260
    6164
    6305
    6403
    6262
    6182
    6244
    6323
    6368
    6218
    6370
    6254
    6557
    6333
    6263
    6278
    6317
    6261
    6254
    6271
    6093
    6171
    6345
    6267
    6416
    6259
    6249
    6324
    6207
    6266
    6327
    6367
    6403
    6309
    6300
    6404
    6338
    6217
    6339
    6385
    6395
    6361
    6299
    6312
    6403
    6271
    6369
    6284
    6426
    6266
    6342
    6140
    6255
    6330
    6177
    6257
    6298
    6207
    6392
    6492
    6314
    6189
    6340
    6306
    6190
    6274
    6368
    6335
    6296
    6416
    6158
    6332
    6318
    6313
    6393
    6315
    6364
    6425
    6351
    6375
    6073
    6262
    6206
    6309
    6307
    6152
    6235
    6354
    6327
    6371
    6340
    6260
    6346
    6329
    6295
    6381
    6337
    6213
    6259
    6208
    6240
    6387
    6360
    6317
    6391
    6250
    6294
    6157
    6382
    6234
    6344
    6266
    6261
    6324
    5960
    6232
    6320
    6240
    6293
    6349
    6134
    6165
    6399
    6362
    6235
    6227
    6434
    6209
    6228
    6303
    6244
    6222
    6373
    6295
    6346
    6261
    6325
    6244
    6276
    6166
    6237
    6236
    6327
    6317
    6222
    6372
    6370
    6195
    6277
    6360
    6392
    6282
    6442
    6245
    6254
    6290
    6293
    6214
    6170
    6309
    6209
    6496
    6439
    6280
    6436
    6293
    6378
    6310
    6339
    6392
    6260
    6397
    6328
    6410
    6119
    6241
    6257
    6235
    6198
    6203
    6238
    6274
    6329
    6302
    6299
    6260
    6301
    6243
    6316
    6170
    6196
    6221
    6230
    6251
    6283
    6277
    6299
    6229
    6344
    6207
    6106
    6334
    6392
    6312
    6233
    6213
    6293
    6267
    6154
    6243
    6343
    6277
    6187
    6394
    6161
    6356
    6380
    6284
    6249
    6276
    6400
    6339
    6187
    6263
    6428
    6344
    6200
    6342
    6340
    6241
    6207
    6262
    6271
    6317
    6227
    6265
    6280
    6250
    6310
    6356
    6299
    6340
    6233
    6220
    6327
    6355
    6384
    6181
    6381
    6340
    6339
    6417
    6251
    6215
    6225
    6282
    6291
    6319
    6281
    6232
    6237
    6376
    6301
    6318
    6313
    6205
    6371
    6267
    6332
    6386
    6305
    6349
    6388
    6343
    6379
    6388
    6132
    6308
    6178
    6416
    6198
    6197
    6244
    6387
    6303
    6411
    6253
    6393
    6308
    6284
    6254
    6249
    6206
    6273
    6267
    6205
    6291
    6298
    6333
    6351
    6202
    6307
    6253
    6196
    6250
    6355
    6363
    6353
    6359
    6294
    6260
    6298
    6196
    6179
    6420
    6213
    6209
    6330
    6247
    6261
    6386
    6196
    6359
    6420
    6285
    6411
    6312
    6433
    6409
    6379
    6328
    6270
    6449
    6268
    6474
    6401
    6293
    6335
    6277
    6480
    6231
    6207
    6315
    6408
    6359
    6244
    6108
    6271
    6224
    6223
    6263
    6258
    6371
    6342
    6314
    6230
    6210
    6234
    6248
    6184
    6324
    6323
    6348
    6439
    6226
    6274
    6378
    6268
    6263
    6405
    6264
    6125
    6244
    6359
    6274
    6319
    6303
    6316
    6230
    6315
    6297
    6262
    6435
    6229
    6289
    6253
    6241
    6446
    6461
    6340
    6230
    6178
    6347
    6383
    6437
    6204
    6373
    6163
    6170
    6220
    6283
    6268
    6209
    6214
    6369
    6169
    6366
    6317
    6237
    6263
    6147
    6252
    6335
    6264
    6306
    6315
    6221
    6455
    6219
    6461
    6378
    6456
    6105
    6207
    6276
    6211
    6402
    6338
    6415
    6307
    6298
    6292
    6180
    6144
    6241
    6171
    6302
    6245
    6314
    6280
    6195
    6398
    6286
    6307
    6223
    6311
    6314
    6315
    6437
    6297
    6237
    6314
    6304
    6323
    6239
    6389
    6410
    6304
    6286
    6189
    6326
    6384
    6334
    6451
    6264
    6404
    6254
    6230
    6266
    6367
    6274
    6280
    6265
    6286
    6206
    6282
    6153
    6095
    6356
    6319
    6222
    6273
    6179
    6467
    6459
    6353
    6178
    6225
    6279
    6276
    6154
    6361
    6336
    6196
    6222
    6246
    6276
    6202
    6173
    6406
    6392
    6281
    6298
    6355
    6370
    6345
    6411
    6310
    6325
    6216
    6249
    6399
    6296
    6237
    6319
    6320
    6092
    6361
    6208
    6301
    6222
    6292
    6303
    6201
    6237
    6326
    6377
    6330
    6278
    6257
    6171
    6283
    6367
    6224
    6240
    6226
    6192
    6304
    6414
    6318
    6233
    6234
    6304
    6537
    6312
    6201
    6257
    6302
    6437
    6172
    6228
    6311
    6258
    6258
    6308
    6420
    6366
    6357
    6163
    6213
    6149
    6313
    6210
    6389
    6300
    6156
    6138
    6385
    6390
    6365
    6269
    6303
    6234
    6340
    6203
    6183
    6279
    6257
    6307
    6264
    6327
    6308
    6439
    6272
    6211
    6278
    6352
    6199
    6138
    6256
    6335
    6332
    6404
    6288
    6272
    6288
    6334
    6428
    6387
    6313
    6162
    6389
    6317
    6253
    6352
    6220
    6378
    6197
    6404
    6262
    6333
    6108
    6429
    6235
    6247
    6273
    6208
    6293
    6322
    6330
    6138
    6321
    6364
    6223
    6253
    6379
    6388
    6344
    6374
    6369
    6353
    6199
    6398
    6218
    6327
    6337
    6382
    6195
    6270
    6208
    6228
    6222
    6168
    6304
    6271
    6344
    6395
    6330
    6241
    6311
    6209
    6235
    6476
    6398
    6300
    6341
    6227
    6349
    6392
    6273
    6123
    6354
    6241
    6284
    6217
    6126
    6232
    6389
    6378
    6325
    6369
    6226
    6305
    6398
    6331
    6264
    6287
    6268
    6480
    6392
    6287
    6160
    6275
    6358
    6362
    6139
    6522
    6284
    6217
    6251
    6274
    6408
    6263
    6249
    6265
    6317
    6269
    6195
    6214
    6304
    6346
    6343
    6465
    6095
    6186
    6324
    6260
    6287
    6121
    6337
    6357
    6283
    6322
    6311
    6287
    6378
    6356
    6273
    6263
    6160
    6294
    6382
    6255
    6251
    6323
    6293
    6198
    6253
    6333
    6289
    6328
    6207
    6304
    6173
    6294
    6392
    6251
    6408
    6194
    6316
    6338
    6273
    6261
    6340
    6487
    6277
    6385
    6384
    6271
    6272
    6377
    6350
    6225
    6314
    6260
    6587
    6372
    6305
    6373
    6191
    6403
    6356
    6317
    6358
    6193
    6255
    6397
    6245
    6353
    6338
    6297
    6396
    6208
    6347
    6332
    6178
    6313
    6393
    6286
    6365
    6240
    6336
    6307
    6091
    6228
    6389
    6227
    6331
    6355
    6249
    6221
    6329
    6323
    6392
    6239
    6256
    6427
    6440
    6414
    6276
    6298
    6292
    6274
    6245
    6305
    6340
    6285
    6267
    6244
    6346
    6415
    6255
    6431
    6169
    6184
    6217
    6268
    6298
    6328
    6402
    6417
    6276
    6184
    6106
    6326
    6336
    6230
    6268
    6255
    6359
    6280
    6246
    6390
    6304
    6194
    6334
    6340
    6340
    6242
    6285
    6219
    6409
    6156
    6310
    6310
    6286
    6233
    6372
    6161
    6208
    6155
    6288
    6330
    6383
    6261
    6371
    6300
    6448
    6323
    6348
    6322
    6434
    6134
    6209
    6286
    6224
    6318
    6315
    6351
    6347
    6272
    6163
    6233
    6233
    6385
    6370
    6297
    6429
    6293
    6323
    6385
    6135
    6308
    6269
    6284
    6266
    6275
    6298
    6351
    6346
    6159
    6311
    6345
    6259
    6195
    6347
    6217
    6354
    6256
    6272
    6225
    6359
    6295
    6211
    6220
    6502
    6212
    6237
    6368
    6186
    6290
    6362
    6290
    6281
    6248
    6209
    6155
    6210
    6319
    6287
    6238
    6359
    6227
    6226
    6283
    6232
    6283
    6195
    6336
    6376
    6330
    6251
    6208
    6209
    6230
    6394
    6353
    6257
    6370
    6215
    6365
    6350
    6440
    6278
    6122
    6170
    6203
    6323
    6227
    6543
    6380
    6398
    6281
    6255
    6210
    6308
    6353
    6306
    6260
    6385
    6145
    6247
    6223
    6372
    6268
    6237
    6139
    6460
    6291
    6273
    6194
    6487
    6242
    6308
    6266
    6245
    6350
    6387
    6191
    6301
    6180
    6198
    6363
    6069
    6307
    6279
    6310
    6459
    6163
    6373
    6316
    6305
    6226
    6324
    6477
    6386
    6335
    6310
    6240
    6243
    6319
    6365
    6352
    6164
    6223
    6388
    6205
    6291
    6328
    6248
    6384
    6229
    6273
    6225
    6316
    6248
    6338
    6328
    6209
    6238
    6393
    6141
    6267
    6360
    6317
    6284
    6435
    6313
    6180
    6397
    6405
    6389
    6397
    6386
    6390
    6291
    6278
    6239
    6390
    6299
    6236
    6240
    6235
    6318
    6199
    6343
    6227
    6340
    6207
    6336
    6207
    6400
    6320
    6461
    6370
    6168
    6371
    6214
    6305
    6304
    6213
    6273
    6472
    6368
    6274
    6295
    6381
    6372
    6299
    6308
    6315
    6304
    6165
    6328
    6339
    6290
    6114
    6137
    6400
    6226
    6454
    6282
    6277
    6427
    6172
    6397
    6349
    6326
    6354
    6290
    6236
    6321
    6379
    6321
    6363
    6460
    6257
    6331
    6422
    6230
    6160
    6257
    6233
    6319
    6327
    6340
    6260
    6186
    6266
    6293
    6330
    6260
    6343
    6365
    6237
    6245
    6419
    6460
    6351
    6226
    6314
    6268
    6320
    6133
    6363
    6339
    6290
    6192
    6406
    6253
    6287
    6485
    6403
    6345
    6245
    6347
    6266
    6210
    6134
    6210
    6302
    6302
    6308
    6400
    6227
    6250
    6277
    6325
    6310
    6319
    6357
    6227
    6250
    6350
    6430
    6315
    6336
    6500
    6268
    6331
    6254
    6264
    6237
    6289
    6225
    6294
    6179
    6370
    6315
    6259
    6387
    6337
    6229
    6444
    6383
    6219
    6194
    6325
    6369
    6109
    6418
    6346
    6279
    6465
    6444
    6215
    6193
    6248
    6218
    6377
    6130
    6434
    6306
    6248
    6282
    6402
    6272
    6255
    6299
    6297
    6362
    6045
    6406
    6433
    6206
    6204
    6275
    6293
    6159
    6362
    6240
    6201
    6264
    6251
    6356
    6271
    6129
    6364
    6267
    6235
    6249
    6310
    6350
    6275
    6462
    6138
    6257
    6261
    6157
    6221
    6357
    6298
    6198
    6296
    6333
    6351
    6274
    6360
    6406
    6296
    6160
    6279
    6220
    6292
    6343
    6291
    6351
    6429
    6340
    6433
    6264
    6091
    6301
    6230
    6305
    6315
    6370
    6244
    6250
    6311
    6292
    6353
    6425
    6435
    6162
    6351
    6392
    6374
    6343
    6330
    6303
    6204
    6459
    6341
    6188
    6314
    6391
    6241
    6068
    6086
    6372
    6253
    6359
    6239
    6207
    6248
    6508
    6416
    6336
    6349
    6291
    6302
    6399
    6312
    6247
    6106
    6321
    6261
    6212
    6405
    6399
    6240
    6286
    6285
    6403
    6513
    6271
    6385
    6294
    6347
    6292
    6209
    6337
    6336
    6289
    6260
    6455
    6185
    6298
    6292
    6431
    6428
    6445
    6194
    6342
    6349
    6277
    6371
    6385
    6286
    6205
    6316
    6357
    6277
    6209
    6233
    6208
    6228
    6191
    6316
    6249
    6379
    6320
    6357
    6249
    6520
    6145
    6388
    6341
    6353
    6316
    6155
    6486
    6243
    6283
    6282
    6273
    6349
    6284
    6149
    6416
    6238
    6377
    6273
    6272
    6292
    6249
    6418
    6402
    6200
    6170
    6312
    6211
    6224
    6250
    6284
    6255
    6287
    6223
    6306
    6285
    6375
    6357
    6114
    6230
    6261
    6256
    6309
    6219
    6167
    6186
    6408
    6204
    6266
    6251
    6188
    6304
    6287
    6317
    6440
    6296
    6221
    6282
    6245
    6331
    6376
    6356
    6291
    6291
    6368
    6306
    6164
    6267
    6420
    6361
    6176
    6402
    6292
    6346
    6211
    6320
    6250
    6160
    6471
    6272
    6263
    6505
    6250
    6320
    6349
    6272
    6300
    6301
    6282
    6294
    6363
    6428
    6192
    6233
    6245
    6090
    6201
    6351
    6279
    6148
    6190
    6282
    6212
    6279
    6273
    6315
    6421
    6411
    6388
    6197
    6314
    6319
    6445
    6361
    6285
    6325
    6206
    6414
    6203
    6321
    6325
    6418
    6319
    6289
    6378
    6179
    6382
    6352
    6240
    6281
    6363
    6273
    6315
    6300
    6279
    6301
    6290
    6288
    6399
    6358
    6344
    6408
    6199
    6223
    6169
    6276
    6384
    6386
    6038
    6210
    6210
    6322
    6232
    6275
    6168
    6332
    6317
    6277
    6164
    6341
    6278
    6251
    6346
    6158
    6193
    6290
    6294
    6235
    6300
    6288
    6273
    6219
    6311
    6265
    6280
    6285
    6406
    6371
    6264
    6268
    6240
    6377
    6245
    6384
    6401
    6415
    6283
    6278
    6180
    6303
    6380
    6251
    6400
    6274
    6401
    6386
    6417
    6313
    6320
    6287
    6429
    6199
    6371
    6409
    6350
    6207
    6494
    6275
    6246
    6245
    6161
    6219
    6394
    6130
    6264
    6287
    6175
    6235
    6382
    6357
    6183
    6420
    6292
    6354
    6297
    6273
    6303
    6229
    6150
    6298
    6267
    6269
    6124
    6410
    6270
    6172
    6259
    6332
    6292
    6477
    6266
    6287
    6357
    6231
    6356
    6282
    6351
    6228
    6338
    6213
    6474
    6308
    6443
    6534
    6331
    6285
    6226
    6438
    6393
    6324
    6216
    6423
    6303
    6199
    6349
    6306
    6334
    6240
    6259
    6228
    6257
    6328
    6229
    6314
    6308
    6360
    6356
    6345
    6364
    6257
    6397
    6322
    6337
    6257
    6291
    6143
    6336
    6288
    6320
    6464
    6431
    6466
    6387
    6234
    6287
    6303
    6215
    6302
    6275
    6350
    6317
    6487
    6327
    6220
    6430
    6362
    6121
    6230
    6258
    6201
    6455
    6233
    6399
    6195
    6186
    6388
    6328
    6154
    6125
    6385
    6255
    6144
    6244
    6323
    6125
    6213
    6311
    6492
    6292
    6373
    6398
    6271
    6276
    6315
    6280
    6302
    6393
    6368
    6356
    6439
    6298
    6316
    6235
    6203
    6236
    6227
    6448
    6215
    6368
    6366
    6375
    6374
    6242
    6316
    6399
    6202
    6315
    6350
    6288
    6294
    6271
    6338
    6188
    6299
    6212
    6221
    6267
    6409
    6345
    6150
    6273
    6345
    6234
    6335
    6177
    6282
    6214
    6330
    6277
    6327
    6252
    6282
    6283
    6280
    6315
    6252
    6437
    6161
    6282
    6318
    6305
    6219
    6246
    6298
    6266
    6598
    6210
    6263
    6136
    6334
    6299
    6219
    6315
    6365
    6259
    6266
    6362
    6282
    6220
    6098
    6338
    6234
    6180
    6304
    6223
    6167
    6389
    6162
    6292
    6253
    6267
    6386
    6441
    6365
    6399
    6284
    6286
    6449
    6299
    6350
    6353
    6387
    6222
    6275
    6204
    6364
    6297
    6301
    6190
    6141
    6410
    6278
    6181
    6221
    6351
    6236
    6308
    6333
    6183
    6362
    6253
    6313
    6370
    6288
    6302
    6373
    6282
    6386
    6338
    6243
    6356
    6422
    6260
    6360
    6286
    6285
    6258
    6304
    6386
    6246
    6367
    6277
    6294
    6325
    6301
    6211
    6148
    6195
    6290
    6421
    6267
    6371
    6330
    6180
    6364
    6276
    6279
    6389
    6220
    6289
    6319
    6284
    6290
    6233
    6195
    6342
    6318
    6312
    6309
    6252
    6160
    6388
    6361
    6204
    6247
    6038
    6274
    6361
    6306
    6187
    6273
    6247
    6264
    6355
    6215
    6265
    6340
    6251
    6341
    6203
    6303
    6348
    6185
    6230
    6230
    6188
    6223
    6354
    6290
    6239
    6329
    6202
    6261
    6444
    6342
    6326
    6444
    6248
    6271
    6273
    6305
    6216
    6280
    6324
    6316
    6191
    6325
    6200
    6417
    6388
    6299
    6419
    6371
    6193
    6292
    6286
    6304
    6314
    6372
    6338
    6270
    6234
    6327
    6390
    6310
    6412
    6366
    6300
    6293
    6298
    6459
    6321
    6302
    6258
    6447
    6376
    6393
    6350
    6219
    6315
    6174
    6288
    6347
    6336
    6364
    6200
    6237
    6240
    6364
    6304
    6291
    6337
    6213
    6212
    6399
    6325
    6168
    6234
    6222
    6300
    6152
    6395
    6516
    6326
    6238
    6394
    6363
    6396
    6201
    6326
    6270
    6115
    6202
    6454
    6341
    6276
    6216
    6464
    6238
    6180
    6236
    6334
    6268
    6393
    6185
    6437
    6376
    6199
    6204
    6375
    6393
    6301
    6297
    6350
    6448
    6308
    6442
    6194
    6203
    6374
    6438
    6247
    6069
    6313
    6233
    6330
    6268
    6336
    6343
    6351
    6383
    6310
    6461
    6314
    6295
    6286
    6265
    6304
    6340
    6362
    6344
    6246
    6347
    6348
    6240
    6496
    6103
    6288
    6411
    6493
    6213
    6358
    6244
    6372
    6255
    6335
    6248
    6192
    6309
    6226
    6433
    6225
    6223
    6295
    6262
    6425
    6290
    6370
    6323
    6269
    6275
    6389
    6265
    6176
    6358
    6240
    6331
    6301
    6197
    6193
    6258
    6116
    6309
    6309
    6256
    6315
    6296
    6318
    6325
    6160
    6420
    6236
    6334
    6198
    6265
    6229
    6361
    6381
    6195
    6189
    6295
    6352
    6367
    6149
    6193
    6396
    6472
    6322
    6266
    6237
    6321
    6350
    6217
    6193
    6370
    6323
    6177
    6161
    6302
    6204
    6284
    6297
    6362
    6401
    6323
    6225
    6331
    6224
    6244
    6336
    6230
    6422
    6424
    6203
    6250
    6297
    6246
    6266
    6264
    6237
    6239
    6298
    6295
    6243
    6231
    6218
    6270
    6348
    6334
    6347
    6308
    6313
    6291
    6322
    6377
    6247
    6362
    6259
    6144
    6314
    6335
    6250
    6149
    6335
    6224
    6304
    6293
    6156
    6372
    6389
    6385
    6404
    6358
    6460
    6348
    6218
    6295
    6246
    6249
    6483
    6351
    6368
    6272
    6169
    6386
    6216
    6297
    6188
    6256
    6295
    6229
    6310
    6215
    6153
    6333
    6305
    6487
    6246
    6203
    6253
    6255
    6211
    6288
    6293
    6329
    6202
    6163
    6408
    6284
    6361
    6298
    6263
    6362
    6437
    6326
    6330
    6414
    6175
    6200
    6316
    6385
    6090
    6217
    6338
    6464
    6169
    6372
    6183
    6280
    6326
    6267
    6301
    6279
    6294
    6313
    6232
    6308
    6186
    6255
    6304
    6364
    6253
    6322
    6259
    6346
    6302
    6431
    6289
    6435
    6305
    6263
    6333
    6391
    6485
    6330
    6277
    6278
    6263
    6222
    6343
    6285
    6393
    6326
    6207
    6236
    6354
    6252
    6353
    6395
    6283
    6150
    6344
    6446
    6146
    6284
    6300
    6251
    6331
    6325
    6213
    6210
    6378
    6196
    6336
    6383
    6313
    6423
    6307
    6215
    6278
    6383
    6235
    6406
    6363
    6418
    6284
    6234
    6197
    6313
    6265
    6389
    6310
    6370
    6364
    6216
    6253
    6220
    6395
    6259
    6373
    6309
    6211
    6345
    6240
    6450
    6375
    6293
    6281
    6342
    6309
    6251
    6296
    6357
    6211
    6413
    6352
    6321
    6248
    6193
    6264
    6318
    6474
    6396
    6306
    6228
    6395
    6398
    6223
    6341
    6459
    6515
    6370
    6347
    6234
    6266
    6376
    6183
    6092
    6336
    6271
    6297
    6354
    6256
    6124
    6203
    6222
    6244
    6403
    6240
    6296
    6432
    6362
    6301
    6248
    6258
    6231
    6249
    6362
    6284
    6427
    6317
    6106
    6363
    6345
    6380
    6226
    6282
    6259
    6219
    6167
    6423
    6294
    6339
    6351
    6327
    6197
    6218
    6227
    6399
    6323
    6271
    6304
    6356
    6312
    6267
    6358
    6332
    6475
    6195
    6214
    6394
    6325
    6274
    6315
    6507
    6387
    6261
    6536
    6350
    6297
    6176
    6214
    6282
    6297
    6246
    6201
    6239
    6244
    6342
    6232
    6320
    6278
    6220
    6401
    6334
    6373
    6250
    6290
    6201
    6262
    6335
    6206
    6325
    6258
    6181
    6117
    6111
    6161
    6182
    6301
    6506
    6206
    6317
    6429
    6270
    6216
    6224
    6332
    6377
    6245
    6406
    6283
    6388
    6365
    6338
    6250
    6210
    6398
    6217
    6355
    6188
    6320
    6432
    6321
    6338
    6262
    6259
    6373
    6355
    6354
    6310
    6372
    6326
    6409
    6427
    6193
    6309
    6311
    6268
    6383
    6309
    6170
    6236
    6315
    6285
    6307
    6325
    6202
    6275
    6284
    6253
    6260
    6266
    6216
    6331
    6241
    6247
    6350
    6261
    6362
    6182
    6182
    6471
    6329
    6159
    6476
    6309
    6330
    6264
    6350
    6325
    6227
    6179
    6360
    6430
    6234
    6262
    6294
    6347
    6515
    6360
    6359
    6246
    6249
    6203
    6360
    6375
    6199
    6307
    6286
    6343
    6096
    6359
    6400
    6557
    6178
    6223
    6308
    6289
    6220
    6193
    6318
    6415
    6367
    6357
    6372
    6146
    6341
    6309
    6394
    6244
    6260
    6176
    6282
    6327
    6320
    6141
    6257
    6359
    6273
    6220
    6255
    6316
    6325
    6375
    6345
    6231
    6333
    6459
    6245
    6176
    6261
    6335
    6247
    6232
    6355
    6378
    6420
    6262
    6202
    6207
    6195
    6343
    6328
    6276
    6302
    6345
    6262
    6271
    6250
    6337
    6403
    6241
    6252
    6408
    6309
    6312
    6267
    6225
    6254
    6372
    6186
    6152
    6249
    6324
    6332
    6237
    6362
    6109
    6163
    6343
    6213
    6356
    6266
    6275
    6347
    6292
    6283
    6214
    6354
    6166
    6187
    6230
    6308
    6348
    6321
    6403
    6432
    6228
    6369
    6419
    6379
    6354
    6219
    6383
    6303
    6279
    6263
    6289
    6330
    6264
    6239
    6337
    6235
    6227
    6349
    6327
    6383
    6346
    6277
    6326
    6242
    6255
    6244
    6272
    6345
    6309
    6423
    6300
    6238
    6350
    6300
    6194
    6375
    6317
    6408
    6227
    6321
    6383
    6392
    6264
    6345
    6145
    6208
    6291
    6165
    6289
    6296
    6176
    6058
    6161
    6411
    6268
    6309
    6301
    6316
    6201
    6282
    6286
    6113
    6374
    6227
    6384
    6219
    6233
    6104
    6296
    6270
    6246
    6280
    6260
    6274
    6300
    6332
    6290
    6451
    6383
    6414
    6185
    6236
    6372
    6276
    6241
    6174
    6270
    6209
    6233
    6436
    6224
    6368
    6367
    6246
    6148
    6264
    6358
    6421
    6360
    6321
    6236
    6293
    6233
    6382
    6287
    6196
    6404
    6416
    6404
    6264
    6157
    6185
    6309
    6429
    6199
    6288
    6435
    6266
    6324
    6232
    6273
    6212
    6366
    6394
    6263
    6188
    6175
    6371
    6261
    6297
    6293
    6242
    6314
    6232
    6281
    6247
    6259
    6261
    6491
    6321
    6236
    6413
    6101
    6254
    6235
    6362
    6199
    6177
    6343
    6305
    6323
    6370
    6242
    6237
    6308
    6246
    6364
    6202
    6242
    6308
    6248
    6340
    6233
    6330
    6286
    6436
    6184
    6293
    6226
    6346
    6243
    6289
    6165
    6240
    6266
    6435
    6168
    6219
    6297
    6307
    6381
    6366
    6159
    6189
    6295
    6315
    6201
    6521
    6147
    6475
    6252
    6243
    6359
    6310
    6281
    6290
    6331
    6301
    6183
    6366
    6325
    6304
    6381
    6310
    6301
    6287
    6216
    6308
    6353
    6162
    6308
    6304
    6478
    6275
    6436
    6471
    6259
    6203
    6221
    6315
    6174
    6258
    6333
    6295
    6208
    6371
    6386
    6201
    6402
    6460
    6291
    6209
    6157
    6194
    6404
    6226
    6324
    6236
    6309
    6403
    6388
    6211
    6282
    6184
    6320
    6328
    6266
    6489
    6308
    6233
    6214
    6360
    6110
    6219
    6345
    6089
    6327
    6368
    6390
    6283
    6303
    6296
    6263
    6404
    6375
    6334
    6264
    6272
    6367
    6363
    6357
    6187
    6220
    6338
    6408
    6141
    6354
    6335
    6309
    6221
    6192
    6343
    6371
    6315
    6321
    6348
    6180
    6493
    6234
    6169
    6380
    6296
    6229
    6258
    6300
    6260
    6309
    6316
    6372
    6340
    6186
    6392
    6457
    6352
    6527
    6427
    6197
    6301
    6382
    6126
    6179
    6216
    6422
    6270
    6222
    6269
    6391
    6378
    6089
    6404
    6319
    6303
    6247
    6381
    6243
    6491
    6230
    6251
    6286
    6330
    6263
    6388
    6439
    6430
    6138
    6226
    6236
    6318
    6270
    6313
    6244
    6358
    6187
    6296
    6379
    6036
    6408
    6448
    6302
    6371
    6319
    6286
    6501
    6112
    6262
    6222
    6113
    6467
    6139
    6096
    6294
    6250
    6230
    6229
    6340
    6241
    6372
    6324
    6373
    6262
    6302
    6324
    6210
    6276
    6408
    6430
    6345
    6221
    6215
    6316
    6345
    6341
    6544
    6308
    6241
    6261
    6338
    6415
    6281
    6182
    6360
    6247
    6463
    6234
    6348
    6429
    6304
    6390
    6235
    6338
    6187
    6360
    6404
    6336
    6225
    6309
    6342
    6299
    6329
    6185
    6216
    6139
    6445
    6348
    6296
    6261
    6435
    6441
    6194
    6393
    6320
    6265
    6223
    6259
    6213
    6313
    6379
    6382
    6339
    6212
    6377
    6234
    6371
    6290
    6307
    6219
    6332
    6315
    6422
    6315
    6342
    6140
    6505
    6218
    6405
    6307
    6302
    6335
    6273
    6315
    6178
    6261
    6419
    6159
    6393
    6300
    6277
    6415
    6141
    6278
    6283
    6347
    6299
    6326
    6348
    6271
    6362
    6358
    6409
    6218
    6558
    6198
    6375
    6293
    6299
    6529
    6258
    6365
    6300
    6283
    6446
    6376
    6468
    6274
    6296
    6262
    6250
    6264
    6307
    6309
    6271
    6464
    6147
    6404
    6270
    6468
    6190
    6207
    6362
    6343
    6091
    6344
    6317
    6265
    6223
    6300
    6287
    6225
    6471
    6366
    6324
    6442
    6283
    6376
    6101
    6268
    6298
    6289
    6445
    6393
    6214
    6179
    6127
    6249
    6183
    6342
    6309
    6209
    6247
    6245
    6216
    6177
    6175
    6240
    6274
    6450
    6362
    6351
    6244
    6252
    6441
    6323
    6358
    6356
    6257
    6346
    6388
    6239
    6236
    6399
    6348
    6286
    6221
    6111
    6333
    6156
    6313
    6334
    6431
    6354
    6095
    6322
    6381
    6328
    6285
    6327
    6258
    6256
    6316
    6256
    6385
    6226
    6264
    6301
    6428
    6397
    6328
    6325
    6336
    6337
    6274
    6350
    6252
    6178
    6388
    6280
    6295
    6372
    6151
    6350
    6287
    6421
    6233
    6340
    6300
    6423
    6352
    6410
    6355
    6311
    6383
    6158
    6199
    6502
    6337
    6446
    6258
    6349
    6346
    6206
    6048
    6429
    6314
    6385
    6388
    6241
    6173
    6321
    6311
    6351
    6256
    6335
    6292
    6213
    6478
    6475
    6255
    6225
    6193
    6262
    6430
    6288
    6485
    6326
    6199
    6195
    6334
    6380
    6213
    6233
    6200
    6481
    6197
    6452
    6183
    6312
    6328
    6185
    6235
    6319
    6217
    6501
    6095
    6293
    6403
    6249
    6303
    6342
    6314
    6372
    6338
    6336
    6394
    6355
    6337
    6268
    6173
    6214
    6361
    6309
    6256
    6266
    6392
    6270
    6267
    6252
    6278
    6191
    6274
    6222
    6163
    6234
    6160
    6298
    6321
    6274
    6376
    6298
    6302
    6412
    6553
    6279
    6263
    6429
    6415
    6168
    6317
    6262
    6289
    6321
    6182
    6463
    6421
    6260
    6249
    6276
    6193
    6180
    6249
    6343
    6250
    6345
    6328
    6281
    6300
    6264
    6334
    6272
    6288
    6334
    6185
    6435
    6392
    6309
    6219
    6214
    6325
    6175
    6262
    6348
    6242
    6166
    6283
    6207
    6134
    6446
    6226
    6329
    6466
    6425
    6083
    6405
    6289
    6328
    6257
    6484
    6461
    6201
    6180
    6332
    6176
    6326
    6394
    6291
    6304
    6185
    6414
    6394
    6183
    6298
    6300
    6300
    6462
    6172
    6365
    6346
    6349
    6247
    6345
    6381
    6369
    6311
    6215
    6384
    6281
    6162
    6289
    6254
    6420
    6361
    6283
    6306
    6238
    6257
    6379
    6129
    6233
    6321
    6327
    6251
    6280
    6329
    6302
    6469
    6406
    6279
    6221
    6263
    6365
    6264
    6287
    6366
    6346
    6224
    6284
    6184
    6375
    6205
    6316
    6217
    6187
    6293
    6154
    6316
    6326
    6376
    6315
    6301
    6395
    6204
    6344
    6357
    6233
    6234
    6275
    6292
    6369
    6200
    6188
    6202
    6267
    6323
    6300
    6275
    6265
    6258
    6329
    6284
    6323
    6206
    6301
    6302
    6290
    6113
    6369
    6348
    6180
    6323
    6359
    6354
    6325
    6207
    6220
    6363
    6411
    6355
    6267
    6286
    6255
    6326
    6496
    6435
    6356
    6187
    6299
    6275
    6196
    6360
    6197
    6343
    6261
    6286
    6198
    6279
    6270
    6371
    6308
    6238
    6179
    6261
    6282
    6372
    6403
    6391
    6276
    6127
    6263
    6104
    6342
    6400
    6245
    6193
    6345
    6320
    6402
    6396
    6386
    6254
    6232
    6288
    6241
    6426
    6427
    6386
    6251
    6205
    6305
    6307
    6352
    6265
    6237
    6314
    6240
    6383
    6353
    6301
    6422
    6311
    6251
    6207
    6317
    6106
    6427
    6291
    6384
    6110
    6317
    6190
    6339
    6074
    6323
    6371
    6376
    6232
    6423
    6302
    6335
    6278
    6350
    6315
    6140
    6281
    6374
    6158
    6310
    6338
    6339
    6267
    6277
    6408
    6275
    6314
    6421
    6370
    6334
    6271
    6302
    6261
    6201
    6378
    6402
    6277
    6316
    6222
    6246
    6363
    6498
    6413
    6103
    6260
    6440
    6289
    6315
    6330
    6288
    6247
    6230
    6243
    6381
    6241
    6237
    6240
    6339
    6357
    6356
    6295
    6216
    6302
    6223
    6210
    6249
    6245
    6312
    6313
    6181
    6173
    6476
    6344
    6340
    6312
    6202
    6117
    6216
    6456
    6076
    6208
    6180
    6350
    6356
    6241
    6223
    6230
    6239
    6334
    6368
    6189
    6321
    6202
    6276
    6164
    6431
    6160
    6219
    6144
    6305
    6263
    6198
    6201
    6126
    6403
    6280
    6222
    6217
    6279
    6374
    6225
    6165
    6331
    6255
    6274
    6508
    6295
    6334
    6324
    6202
    6087
    6239
    6343
    6207
    6371
    6187
    6225
    6246
    6446
    6341
    6295
    6338
    6174
    6324
    6244
    6238
    6244
    6234
    6396
    6287
    6175
    6368
    6204
    6234
    6300
    6274
    6377
    6305
    6311
    6189
    6274
    6423
    6269
    6278
    6390
    6330
    6236
    6207
    6289
    6349
    6257
    6333
    6185
    6217
    6246
    6321
    6304
    6264
    6240
    6136
    6208
    6343
    6320
    6296
    6186
    6278
    6148
    6170
    6295
    6298
    6350
    6287
    6340
    6127
    6308
    6194
    6241
    6310
    6295
    6271
    6399
    6337
    6410
    6309
    6475
    6240
    6268
    6370
    6346
    6229
    6195
    6462
    6358
    6176
    6242
    6311
    6200
    6247
    6233
    6395
    6089
    6320
    6302
    6255
    6328
    6230
    6367
    6309
    6328
    6397
    6264
    6343
    6302
    6344
    6365
    6296
    6319
    6418
    6287
    6329
    6259
    6320
    6217
    6256
    6274
    6342
    6423
    6367
    6367
    6242
    6214
    6253
