    2306
    2360
    2313
    2276
    2301
    2400
    2290
    2355
    2426
    2322
    2387
    2348
    2310
    2388
    2344
    2271
    2365
    2288
    2269
    2284
    2328
    2416
    2318
    2336
    2348
    2284
    2333
    2341
    2318
    2341
    2348
    2244
    2341
    2325
    2264
    2336
    2308
    2327
    2390
    2353
    2351
    2372
    2346
    2273
    2287
    2319
    2349
    2334
    2293
    2283
    2353
    2295
    2280
    2237
    2297
    2323
    2334
    2318
    2318
    2323
    2339
    2328
    2318
    2295
    2388
    2298
    2342
    2309
    2341
    2330
    2329
    2334
    2361
    2308
    2335
    2240
    2336
    2284
    2329
    2322
    2283
    2303
    2319
    2338
    2249
    2384
    2284
    2311
    2283
    2431
    2338
    2281
    2244
    2289
    2374
    2267
    2358
    2238
    2318
    2347
    2317
    2398
    2378
    2352
    2304
    2386
    2218
    2284
    2295
    2321
    2340
    2271
    2306
    2294
    2306
    2292
    2232
    2312
    2302
    2337
    2339
    2401
    2413
    2400
    2310
    2309
    2190
    2241
    2216
    2259
    2294
    2343
    2347
    2349
    2283
    2308
    2316
    2363
    2329
    2288
    2283
    2312
    2295
    2367
    2341
    2280
    2261
    2297
    2374
    2290
    2306
    2340
    2376
    2353
    2402
    2285
    2309
    2226
    2347
    2354
    2385
    2295
    2267
    2344
    2343
    2278
    2334
    2339
    2310
    2294
    2341
    2431
    2346
    2242
    2490
    2348
    2313
    2374
    2306
    2353
    2479
    2432
    2319
    2344
    2332
    2358
    2356
    2363
    2328
    2360
    2361
    2365
    2275
    2296
    2398
    2318
    2331
    2316
    2370
    2299
    2345
    2298
    2337
    2389
    2382
    2301
    2320
    2291
    2318
    2235
    2382
    2366
    2334
    2268
    2371
    2211
    2390
    2318
    2431
    2345
    2342
    2319
    2331
    2255
    2346
    2304
    2256
    2328
    2363
    2388
    2381
    2365
    2237
    2340
    2329
    2368
    2343
    2349
    2326
    2293
    2362
    2303
    2399
    2378
    2285
    2284
    2273
    2365
    2259
    2397
    2338
    2405
    2285
    2390
    2355
    2297
    2326
    2351
    2359
    2290
    2356
    2304
    2353
    2415
    2387
    2343
    2299
    2260
    2255
    2316
    2381
    2335
    2312
    2392
    2368
    2326
    2281
    2382
    2334
    2259
    2400
    2278
    2389
    2307
    2297
    2291
    2377
    2310
    2257
    2358
    2290
    2350
    2317
    2351
    2251
    2349
    2280
    2278
    2273
    2334
    2291
    2292
    2300
    2355
    2399
    2361
    2287
    2398
    2288
    2356
    2331
    2250
    2326
    2372
    2212
    2264
    2237
    2224
    2333
    2388
    2311
    2377
    2328
    2269
    2306
    2231
    2284
    2326
    2211
    2293
    2307
    2355
    2265
    2349
    2326
    2280
    2345
    2318
    2242
    2292
    2333
    2344
    2358
    2355
    2342
    2295
    2357
    2311
    2317
    2349
    2304
    2420
    2316
    2317
    2268
    2299
    2251
    2325
    2303
    2269
    2318
    2251
    2272
    2295
    2293
    2281
    2246
    2328
    2411
    2362
    2376
    2363
    2361
    2335
    2312
    2312
    2295
    2375
    2249
    2323
    2402
    2339
    2259
    2341
    2301
    2295
    2226
    2307
    2274
    2312
    2295
    2276
    2414
    2254
    2223
    2327
    2327
    2269
    2297
    2285
    2335
    2281
    2275
    2369
    2310
    2451
    2242
    2304
    2330
    2287
    2364
    2329
    2319
    2294
    2375
    2319
    2251
    2368
    2302
    2311
    2382
    2221
    2331
    2350
    2266
    2331
    2352
    2366
    2344
    2301
    2277
    2366
    2355
    2244
    2286
    2298
    2327
    2269
    2427
    2292
    2237
    2329
    2364
    2280
    2277
    2417
    2346
    2386
    2342
    2459
    2328
    2314
    2307
    2375
    2313
    2292
    2347
    2273
    2269
    2330
    2360
    2371
    2424
    2355
    2301
    2257
    2297
    2409
    2322
    2271
    2351
    2242
    2310
    2310
    2300
    2313
    2195
    2310
    2272
    2294
    2291
    2351
    2294
    2336
    2334
    2298
    2223
    2427
    2314
    2320
    2225
    2330
    2311
    2343
    2303
    2336
    2314
    2419
    2243
    2412
    2297
    2360
    2355
    2241
    2303
    2360
    2407
    2341
    2374
    2400
    2350
    2272
    2321
    2202
    2395
    2239
    2292
    2310
    2282
    2360
    2372
    2364
    2303
    2396
    2269
    2329
    2354
    2388
    2314
    2247
    2350
    2409
    2356
    2375
    2346
    2370
    2287
    2251
    2341
    2449
    2281
    2279
    2423
    2255
    2364
    2345
    2311
    2282
    2324
    2356
    2227
    2356
    2308
    2346
    2195
    2302
    2316
    2361
    2431
    2354
    2281
    2343
    2348
    2345
    2302
    2281
    2390
    2365
    2281
    2375
    2352
    2275
    2272
    2338
    2383
    2356
    2382
    2302
    2351
    2300
    2254
    2237
    2280
    2369
    2335
    2339
    2356
    2266
    2324
    2310
    2308
    2271
    2271
    2345
    2356
    2261
    2335
    2390
    2289
    2323
    2317
    2348
    2235
    2297
    2388
    2280
    2335
    2370
    2262
    2330
    2332
    2317
    2336
    2377
    2282
    2249
    2312
    2311
    2302
    2351
    2325
    2320
    2280
    2325
    2368
    2409
    2324
    2245
    2286
    2337
    2394
    2316
    2314
    2308
    2281
    2399
    2424
    2381
    2322
    2354
    2386
    2326
    2316
    2223
    2296
    2283
    2329
    2339
    2322
    2359
    2314
    2223
    2317
    2372
    2224
    2331
    2321
    2189
    2338
    2394
    2364
    2357
    2305
    2299
    2353
    2353
    2350
    2263
    2260
    2297
    2306
    2267
    2335
    2375
    2332
    2313
    2326
    2274
    2255
    2268
    2354
    2351
    2357
    2404
    2287
    2277
    2269
    2252
    2310
    2342
    2344
    2366
    2347
    2345
    2350
    2325
    2368
    2345
    2272
    2327
    2280
    2349
    2368
    2315
    2277
    2431
    2294
    2301
    2296
    2359
    2313
    2353
    2370
    2352
    2271
    2401
    2409
    2233
    2254
    2319
    2264
    2360
    2308
    2365
    2258
    2440
    2300
    2228
    2350
    2299
    2282
    2241
    2334
    2285
    2366
    2321
    2388
    2244
    2255
    2230
    2289
    2344
    2253
    2265
    2294
    2286
    2260
    2309
    2388
    2324
    2321
    2332
    2249
    2277
    2274
    2325
    2444
    2268
    2278
    2292
    2382
    2313
    2314
    2380
    2276
    2341
    2366
    2344
    2346
    2312
    2241
    2354
    2297
    2233
    2372
    2334
    2360
    2369
    2275
    2307
    2243
    2310
    2331
    2369
    2293
    2265
    2318
    2336
    2331
    2342
    2325
    2236
    2378
    2346
    2356
    2344
    2286
    2312
    2322
    2368
    2273
    2215
    2281
    2324
    2306
    2262
    2424
    2329
    2265
    2446
    2342
    2306
    2321
    2343
    2308
    2257
    2226
    2270
    2277
    2332
    2329
    2332
    2329
    2337
    2281
    2364
    2293
    2424
    2277
    2316
    2318
    2316
    2327
    2246
    2247
    2364
    2413
    2345
    2342
    2261
    2266
    2361
    2333
    2319
    2378
    2367
    2335
    2323
    2360
    2318
    2285
    2342
    2360
    2360
    2358
    2361
    2232
    2363
    2403
    2306
    2274
    2290
    2320
    2235
    2341
    2351
    2320
    2352
    2271
    2306
    2394
    2380
    2325
    2303
    2431
    2311
    2298
    2354
    2292
    2265
    2245
    2309
    2281
    2316
    2430
    2263
    2312
    2295
    2347
    2390
    2395
    2325
    2245
    2353
    2318
    2380
    2328
    2227
    2254
    2361
    2290
    2225
    2493
    2252
    2259
    2355
    2293
    2278
    2318
    2349
    2289
    2321
    2286
    2268
    2237
    2349
    2299
    2312
    2304
    2323
    2291
    2348
    2319
    2278
    2338
    2287
    2238
    2347
    2289
    2337
    2322
    2338
    2254
    2310
    2309
    2292
    2336
    2396
    2364
    2348
    2321
    2437
    2290
    2354
    2317
    2268
    2309
    2383
    2339
    2390
    2307
    2371
    2338
    2368
    2332
    2406
    2355
    2296
    2325
    2340
    2368
    2269
    2330
    2334
    2333
    2333
    2394
    2385
    2345
    2359
    2359
    2396
    2376
    2300
    2271
    2378
    2278
    2318
    2337
    2266
    2308
    2283
    2377
    2318
    2383
    2398
    2309
    2323
    2271
    2290
    2306
    2288
    2306
    2264
    2321
    2293
    2340
    2269
    2351
    2309
    2311
    2290
    2281
    2280
    2284
    2378
    2311
    2350
    2276
    2260
    2331
    2304
    2302
    2316
    2327
    2328
    2267
    2344
    2345
    2320
    2309
    2316
    2334
    2323
    2291
    2344
    2308
    2284
    2307
    2354
    2358
    2384
    2313
    2340
    2312
    2356
    2287
    2357
    2219
    2241
    2289
    2313
    2345
    2277
    2320
    2325
    2388
    2325
    2400
    2323
    2345
    2314
    2325
    2277
    2282
    2369
    2402
    2313
    2389
    2326
    2272
    2306
    2416
    2290
    2368
    2313
    2250
    2318
    2299
    2241
    2338
    2413
    2338
    2333
    2357
    2349
    2362
    2288
    2402
    2334
    2369
    2300
    2363
    2380
    2329
    2297
    2286
    2285
    2317
    2299
    2321
    2393
    2393
    2280
    2306
    2271
    2328
    2297
    2382
    2299
    2331
    2280
    2316
    2326
    2366
    2401
    2291
    2282
    2307
    2257
    2420
    2334
    2399
    2253
    2334
    2277
    2375
    2342
    2328
    2337
    2354
    2356
    2288
    2313
    2427
    2362
    2323
    2298
    2305
    2313
    2347
    2430
    2361
    2356
    2253
    2315
    2246
    2318
    2271
    2361
    2353
    2388
    2331
    2208
    2418
    2241
    2302
    2250
    2327
    2289
    2379
    2374
    2306
    2201
    2291
    2301
    2368
    2308
    2443
    2303
    2363
    2293
    2249
    2271
    2354
    2352
    2301
    2319
    2296
    2330
    2329
    2330
    2344
    2372
    2261
    2418
    2297
    2344
    2359
    2250
    2359
    2370
    2248
    2372
    2296
    2249
    2355
    2400
    2327
    2283
    2310
    2282
    2275
    2342
    2302
    2311
    2339
    2269
    2274
    2273
    2311
    2382
    2341
    2251
    2319
    2316
    2360
    2367
    2359
    2290
    2279
    2340
    2371
    2389
    2290
    2288
    2339
    2329
    2268
    2251
    2352
    2315
    2272
    2333
    2346
    2265
    2343
    2287
    2451
    2297
    2378
    2320
    2305
    2268
    2402
    2313
    2292
    2247
    2167
    2331
    2296
    2346
    2386
    2267
    2302
    2313
    2416
    2268
    2355
    2360
    2221
    2348
    2318
    2397
    2394
    2367
    2319
    2308
    2261
    2277
    2296
    2332
    2288
    2262
    2222
    2298
    2306
    2355
    2356
    2291
    2266
    2310
    2301
    2326
    2282
    2374
    2332
    2259
    2402
    2273
    2388
    2248
    2296
    2371
    2287
    2345
    2394
    2405
    2395
    2317
    2365
    2323
    2279
    2329
    2282
    2290
    2293
    2342
    2330
    2397
    2387
    2343
    2329
    2256
    2276
    2353
    2395
    2305
    2369
    2269
    2379
    2357
    2290
    2290
    2281
    2280
    2271
    2295
    2334
    2328
    2261
    2353
    2367
    2378
    2276
    2317
    2335
    2291
    2308
    2307
    2317
    2325
    2320
    2455
    2328
    2353
    2370
    2257
    2422
    2370
    2339
    2319
    2350
    2358
    2273
    2309
    2409
    2328
    2310
    2247
    2305
    2286
    2349
    2286
    2407
    2317
    2235
    2394
    2354
    2263
    2378
    2385
    2318
    2329
    2222
    2323
    2421
    2418
    2413
    2335
    2287
    2262
    2368
    2432
    2277
    2304
    2291
    2290
    2322
    2319
    2315
    2226
    2367
    2281
    2304
    2379
    2351
    2380
    2294
    2354
    2300
    2312
    2322
    2273
    2352
    2229
    2386
    2257
    2167
    2342
    2369
    2283
    2319
    2351
    2275
    2349
    2255
    2384
    2349
    2351
    2369
    2360
    2407
    2275
    2332
    2361
    2334
    2279
    2386
    2381
    2318
    2380
    2353
    2241
    2270
    2291
    2335
    2347
    2317
    2308
    2271
    2355
    2266
    2301
    2332
    2281
    2252
    2448
    2236
    2340
    2300
    2296
    2280
    2215
    2314
    2334
    2310
    2308
    2325
    2376
    2273
    2328
    2267
    2256
    2318
    2309
    2388
    2316
    2366
    2323
    2323
    2367
    2266
    2309
    2374
    2323
    2327
    2328
    2346
    2295
    2312
    2384
    2332
    2352
    2303
    2341
    2316
    2205
    2353
    2421
    2363
    2290
    2382
    2301
    2306
    2321
    2324
    2297
    2286
    2273
    2333
    2342
    2287
    2345
    2260
    2300
    2263
    2350
    2384
    2404
    2357
    2425
    2322
    2349
    2357
    2292
    2298
    2339
    2315
    2355
    2320
    2319
    2306
    2353
    2379
    2373
    2288
    2322
    2360
    2285
    2349
    2283
    2329
    2241
    2389
    2393
    2370
    2242
    2331
    2306
    2353
    2340
    2374
    2448
    2350
    2383
    2350
    2368
    2344
    2376
    2332
    2272
    2313
    2364
    2318
    2316
    2335
    2294
    2348
    2388
    2330
    2345
    2294
    2352
    2283
    2326
    2346
    2328
    2267
    2330
    2333
    2397
    2404
    2418
    2302
    2274
    2271
    2342
    2255
    2379
    2363
    2322
    2381
    2300
    2242
    2310
    2359
    2238
    2296
    2377
    2301
    2322
    2344
    2226
    2307
    2302
    2223
    2369
    2276
    2354
    2384
    2315
    2309
    2289
    2312
    2345
    2303
    2395
    2383
    2301
    2367
    2345
    2287
    2408
    2251
    2261
    2298
    2367
    2252
    2295
    2230
    2288
    2367
    2313
    2362
    2346
    2285
    2412
    2307
    2282
    2315
    2315
    2254
    2339
    2399
    2361
    2326
    2321
    2266
    2311
    2294
    2267
    2403
    2266
    2343
    2460
    2293
    2316
    2339
    2274
    2308
    2319
    2292
    2304
    2304
    2338
    2344
    2279
    2390
    2328
    2315
    2378
    2368
    2294
    2367
    2272
    2342
    2324
    2292
    2300
    2303
    2303
    2313
    2326
    2341
    2361
    2305
    2362
    2316
    2314
    2335
    2390
    2301
    2290
    2374
    2337
    2296
    2344
    2268
    2331
    2340
    2333
    2446
    2394
    2247
    2230
    2342
    2316
    2363
    2352
    2250
    2379
    2345
    2422
    2367
    2368
    2392
    2299
    2334
    2421
    2281
    2263
    2361
    2411
    2270
    2327
    2227
    2389
    2400
    2241
    2285
    2373
    2388
    2333
    2424
    2261
    2301
    2311
    2318
    2331
    2239
    2293
    2319
    2332
    2313
    2289
    2334
    2300
    2305
    2268
    2298
    2297
    2410
    2338
    2314
    2295
    2336
    2325
    2323
    2371
    2321
    2308
    2341
    2324
    2382
    2250
    2383
    2320
    2353
    2279
    2339
    2371
    2308
    2381
    2299
    2304
    2344
    2311
    2289
    2286
    2343
    2379
    2263
    2267
    2322
    2292
    2365
    2368
    2307
    2349
    2310
    2404
    2204
    2346
    2312
    2400
    2319
    2329
    2292
    2388
    2265
    2300
    2254
    2294
    2296
    2280
    2250
    2388
    2333
    2276
    2323
    2308
    2276
    2296
    2309
    2304
    2308
    2391
    2204
    2308
    2315
    2271
    2342
    2274
    2443
    2368
    2303
    2318
    2314
    2393
    2405
    2249
    2387
    2290
    2324
    2388
    2298
    2306
    2324
    2358
    2393
    2445
    2318
    2363
    2343
    2351
    2375
    2330
    2251
    2367
    2343
    2255
    2345
    2299
    2313
    2330
    2288
    2294
    2317
    2326
    2280
    2338
    2309
    2351
    2344
    2317
    2237
    2320
    2298
    2341
    2353
    2308
    2333
    2372
    2328
    2314
    2382
    2304
    2269
    2260
    2307
    2225
    2325
    2332
    2326
    2330
    2248
    2280
    2351
    2306
    2265
    2287
    2361
    2282
    2330
    2365
    2219
    2377
    2394
    2342
    2294
    2306
    2282
    2286
    2383
    2387
    2331
    2363
    2356
    2308
    2308
    2394
    2284
    2287
    2356
    2304
    2309
    2414
    2388
    2262
    2348
    2331
    2346
    2274
    2325
    2384
    2336
    2337
    2328
    2353
    2378
    2368
    2220
    2391
    2334
    2314
    2285
    2365
    2350
    2357
    2289
    2412
    2341
    2331
    2346
    2360
    2346
    2280
    2422
    2287
    2263
    2318
    2291
    2367
    2256
    2327
    2279
    2428
    2358
    2254
    2291
    2338
    2341
    2282
    2298
    2301
    2312
    2298
    2269
    2352
    2273
    2256
    2399
    2279
    2344
    2294
    2327
    2391
    2313
    2336
    2295
    2386
    2329
    2293
    2233
    2278
    2316
    2392
    2407
    2247
    2279
    2329
    2377
    2318
    2317
    2405
    2338
    2274
    2354
    2392
    2402
    2279
    2277
    2344
    2353
    2289
    2324
    2392
    2331
    2399
    2330
    2314
    2347
    2357
    2367
    2369
    2369
    2287
    2302
    2414
    2297
    2338
    2327
    2312
    2292
    2337
    2328
    2431
    2380
    2370
    2267
    2234
    2314
    2274
    2307
    2387
    2450
    2417
    2355
    2321
    2275
    2244
    2352
    2325
    2309
    2302
    2343
    2311
    2406
    2242
    2419
    2314
    2350
    2296
    2315
    2315
    2313
    2402
    2337
    2371
    2401
    2252
    2271
    2249
    2295
    2342
    2344
    2302
    2334
    2321
    2332
    2294
    2288
    2273
    2366
    2339
    2356
    2335
    2311
    2300
    2270
    2380
    2279
    2313
    2331
    2253
    2303
    2384
    2303
    2269
    2346
    2315
    2308
    2328
    2300
    2331
    2431
    2306
    2387
    2292
    2298
    2402
    2329
    2321
    2336
    2296
    2258
    2344
    2335
    2314
    2246
    2333
    2339
    2297
    2361
    2232
    2260
    2283
    2266
    2292
    2226
    2383
    2303
    2242
    2331
    2309
    2233
    2388
    2299
    2267
    2368
    2333
    2296
    2379
    2315
    2252
    2332
    2280
    2346
    2244
    2372
    2270
    2274
    2407
    2417
    2348
    2320
    2338
    2307
    2289
    2265
    2308
    2236
    2384
    2286
    2394
    2330
    2249
    2302
    2311
    2326
    2414
    2285
    2357
    2270
    2268
    2299
    2253
    2274
    2291
    2259
    2348
    2272
    2259
    2435
    2292
    2361
    2326
    2334
    2257
    2268
    2240
    2319
    2311
    2403
    2268
    2355
    2412
    2278
    2337
    2330
    2377
    2379
    2288
    2269
    2365
    2368
    2375
    2249
    2321
    2379
    2322
    2314
    2326
    2371
    2300
    2319
    2296
    2322
    2340
    2276
    2244
    2289
    2360
    2362
    2330
    2189
    2293
    2344
    2344
    2259
    2320
    2229
    2327
    2356
    2272
    2288
    2349
    2220
    2278
    2393
    2344
    2370
    2357
    2329
    2339
    2368
    2227
    2333
    2249
    2313
    2250
    2273
    2327
    2357
    2397
    2335
    2323
    2399
    2291
    2363
    2308
    2329
    2195
    2427
    2397
    2280
    2411
    2321
    2252
    2423
    2349
    2229
    2283
    2332
    2291
    2278
    2199
    2345
    2370
    2322
    2255
    2320
    2299
    2243
    2341
    2276
    2349
    2411
    2338
    2385
    2268
    2290
    2336
    2340
    2246
    2337
    2335
    2301
    2334
    2253
    2335
    2321
    2314
    2310
    2356
    2328
    2343
    2238
    2275
    2318
    2341
    2353
    2295
    2340
    2316
    2355
    2364
    2318
    2245
    2379
    2272
    2376
    2303
    2342
    2346
    2344
    2324
    2274
    2270
    2326
    2271
    2296
    2345
    2379
    2317
    2312
    2293
    2299
    2395
    2217
    2309
    2302
    2318
    2303
    2371
    2291
    2329
    2349
    2352
    2279
    2387
    2318
    2315
    2344
    2379
    2332
    2327
    2358
    2240
    2333
    2253
    2294
    2312
    2220
    2200
    2357
    2229
    2331
    2261
    2325
    2303
    2359
    2250
    2293
    2359
    2211
    2259
    2324
    2288
    2324
    2352
    2345
    2258
    2375
    2393
    2380
    2291
    2283
    2284
    2214
    2335
    2315
    2194
    2328
    2329
    2297
    2397
    2335
    2426
    2306
    2321
    2406
    2339
    2349
    2367
    2364
    2312
    2244
    2312
    2429
    2370
    2349
    2436
    2350
    2339
    2371
    2324
    2325
    2313
    2280
    2337
    2338
    2350
    2260
    2282
    2320
    2355
    2332
    2292
    2368
    2279
    2216
    2329
    2280
    2372
    2300
    2238
    2336
    2328
    2313
    2244
    2296
    2293
    2171
    2437
    2342
    2335
    2311
    2314
    2295
    2381
    2314
    2375
    2342
    2377
    2332
    2252
    2307
    2342
    2263
    2273
    2300
    2369
    2303
    2280
    2309
    2298
    2330
    2301
    2401
    2318
    2230
    2303
    2372
    2351
    2361
    2312
    2321
    2279
    2207
    2310
    2303
    2332
    2261
    2343
    2313
    2348
    2303
    2257
    2401
    2322
    2411
    2319
    2259
    2339
    2276
    2326
    2377
    2317
    2325
    2346
    2422
    2383
    2391
    2343
    2358
    2362
    2316
    2459
    2320
    2371
    2413
    2327
    2353
    2353
    2281
    2313
    2286
    2303
    2307
    2345
    2349
    2293
    2277
    2406
    2238
    2324
    2276
    2356
    2346
    2354
    2318
    2359
    2311
    2341
    2293
    2340
    2290
    2295
    2290
    2361
    2324
    2311
    2393
    2244
    2281
    2300
    2284
    2281
    2234
    2344
    2272
    2272
    2329
    2350
    2333
    2219
    2383
    2274
    2315
    2339
    2314
    2299
    2299
    2276
    2345
    2328
    2308
    2346
    2322
    2335
    2238
    2320
    2327
    2399
    2341
    2374
    2258
    2306
    2314
    2374
    2235
    2268
    2353
    2264
    2271
    2347
    2385
    2327
    2213
    2302
    2194
    2280
    2264
    2369
    2370
    2414
    2330
    2283
    2282
    2282
    2258
    2320
    2319
    2449
    2307
    2291
    2406
    2376
    2288
    2361
    2427
    2299
    2259
    2288
    2316
    2301
    2296
    2398
    2358
    2317
    2354
    2241
    2267
    2340
    2301
    2304
    2371
    2251
    2317
    2303
    2286
    2341
    2342
    2358
    2334
    2344
    2309
    2376
    2285
    2204
    2305
    2354
    2348
    2287
    2341
    2452
    2437
    2306
    2308
    2316
    2281
    2250
    2328
    2279
    2218
    2304
    2156
    2383
    2310
    2236
    2272
    2281
    2368
    2345
    2277
    2312
    2352
    2341
    2399
    2339
    2317
    2390
    2336
    2341
    2314
    2295
    2248
    2230
    2277
    2237
    2371
    2310
    2280
    2355
    2311
    2296
    2295
    2289
    2276
    2216
    2244
    2328
    2361
    2341
    2380
    2224
    2368
    2457
    2258
    2306
    2194
    2413
    2346
    2272
    2338
    2360
    2285
    2364
    2323
    2260
    2358
    2387
    2414
    2316
    2358
    2322
    2334
    2311
    2371
    2382
    2390
    2400
    2251
    2322
    2253
    2414
    2271
    2371
    2275
    2293
    2274
    2315
    2214
    2307
    2424
    2364
    2347
    2342
    2316
    2326
    2345
    2340
    2322
    2332
    2303
    2345
    2390
    2330
    2369
    2329
    2308
    2397
    2348
    2324
    2318
    2336
    2426
    2310
    2334
    2397
    2385
    2275
    2350
    2287
    2261
    2227
    2273
    2287
    2259
    2397
    2392
    2360
    2333
    2237
    2232
    2312
    2279
    2328
    2295
    2273
    2284
    2331
    2322
    2319
    2323
    2404
    2308
    2242
    2254
    2397
    2294
    2332
    2295
    2355
    2310
    2385
    2290
    2326
    2370
    2344
    2390
    2396
    2333
    2305
    2285
    2290
    2286
    2302
    2280
    2269
    2268
    2357
    2324
    2355
    2224
    2316
    2318
    2296
    2286
    2298
    2267
    2308
    2330
    2286
    2382
    2219
    2405
    2312
    2362
    2335
    2376
    2333
    2217
    2343
    2298
    2317
    2286
    2346
    2332
    2390
    2366
    2430
    2244
    2286
    2361
    2331
    2341
    2326
    2277
    2243
    2490
    2231
    2403
    2339
    2261
    2308
    2329
    2330
    2270
    2374
    2441
    2274
    2204
    2455
    2347
    2231
    2238
    2276
    2241
    2331
    2316
    2384
    2259
    2296
    2320
    2194
    2323
    2341
    2373
    2366
    2304
    2311
    2287
    2216
    2309
    2339
    2376
    2315
    2273
    2252
    2330
    2333
    2317
    2253
    2278
    2258
    2224
    2366
    2300
    2307
    2284
    2254
    2343
    2403
    2347
    2289
    2267
    2294
    2337
    2281
    2254
    2357
    2340
    2330
    2292
    2310
    2339
    2369
    2237
    2425
    2309
    2381
    2345
    2242
    2296
    2280
    2279
    2362
    2371
    2318
    2352
    2352
    2313
    2366
    2292
    2351
    2283
    2260
    2330
    2349
    2389
    2321
    2370
    2323
    2293
    2247
    2300
    2342
    2356
    2315
    2373
    2342
    2291
    2363
    2352
    2327
    2390
    2264
    2268
    2290
    2309
    2433
    2304
    2388
    2366
    2389
    2379
    2338
    2351
    2416
    2306
    2295
    2308
    2352
    2332
    2299
    2257
    2349
    2296
    2389
    2303
    2341
    2294
    2285
    2300
    2347
    2329
    2338
    2273
    2388
    2276
    2276
    2273
    2303
    2279
    2350
    2271
    2317
    2412
    2316
    2368
    2237
    2355
    2287
    2370
    2404
    2373
    2339
    2292
    2287
    2346
    2242
    2365
    2350
    2355
    2317
    2324
    2295
    2380
    2386
    2324
    2388
    2278
    2303
    2293
    2328
    2235
    2346
    2287
    2356
    2317
    2267
    2394
    2327
    2375
    2221
    2344
    2312
    2340
    2298
    2291
    2243
    2360
    2326
    2390
    2374
    2342
    2348
    2239
    2390
    2357
    2416
    2229
    2329
    2320
    2296
    2277
    2379
    2321
    2349
    2334
    2233
    2383
    2346
    2288
    2299
    2335
    2396
    2351
    2293
    2277
    2317
    2297
    2304
    2363
    2343
    2334
    2295
    2297
    2238
    2260
    2227
    2270
    2270
    2329
    2313
    2336
    2344
    2290
    2388
    2350
    2371
    2304
    2270
    2340
    2312
    2281
    2283
    2321
    2318
    2292
    2303
    2288
    2265
    2354
    2254
    2352
    2391
    2388
    2330
    2353
    2246
    2257
    2428
    2299
    2361
    2247
    2307
    2334
    2393
    2332
    2259
    2339
    2231
    2305
    2263
    2302
    2458
    2382
    2241
    2354
    2302
    2417
    2281
    2305
    2277
    2360
    2427
    2225
    2338
    2255
    2251
    2252
    2299
    2301
    2335
    2353
    2288
    2411
    2289
    2285
    2287
    2326
    2404
    2433
    2432
    2193
    2271
    2256
    2307
    2326
    2274
    2280
    2349
    2316
    2287
    2292
    2270
    2286
    2243
    2325
    2361
    2351
    2301
    2299
    2250
    2325
    2293
    2412
    2349
    2335
    2316
    2347
    2378
    2316
    2402
    2356
    2392
    2288
    2337
    2309
    2323
    2361
    2407
    2327
    2345
    2268
    2316
    2374
    2267
    2303
    2402
    2334
    2308
    2265
    2281
    2286
    2302
    2267
    2300
    2262
    2298
    2308
    2360
    2462
    2343
    2320
    2332
    2313
    2367
    2277
    2276
    2273
    2227
    2317
    2341
    2378
    2354
    2329
    2366
    2328
    2363
    2319
    2357
    2346
    2222
    2405
    2321
    2281
    2291
    2306
    2399
    2276
    2357
    2297
    2356
    2299
    2411
    2347
    2264
    2270
    2276
    2343
    2364
    2367
    2323
    2267
    2364
    2314
    2389
    2407
    2302
    2307
    2250
    2352
    2309
    2391
    2380
    2301
    2331
    2265
    2321
    2221
    2314
    2394
    2239
    2282
    2345
    2324
    2393
    2324
    2324
    2386
    2362
    2372
    2334
    2389
    2387
    2217
    2307
    2344
    2405
    2355
    2328
    2330
    2340
    2309
    2362
    2398
    2290
    2345
    2382
    2345
    2331
    2291
    2367
    2257
    2328
    2350
    2328
    2346
    2382
    2328
    2316
    2310
    2388
    2296
    2396
    2399
    2283
    2300
    2306
    2303
    2328
    2301
    2350
    2392
    2325
    2273
    2364
    2321
    2343
    2341
    2331
    2277
    2319
    2335
    2307
    2289
    2251
    2268
    2357
    2385
    2338
    2309
    2356
    2220
    2326
    2316
    2343
    2353
    2325
    2386
    2338
    2251
    2384
    2388
    2291
    2327
    2342
    2250
    2286
    2316
    2251
    2337
    2293
    2212
    2366
    2326
    2229
    2378
    2207
    2240
    2296
    2287
    2278
    2339
    2367
    2302
    2313
    2326
    2367
    2283
    2299
    2315
    2276
    2298
    2235
    2389
    2350
    2273
    2287
    2321
    2313
    2330
    2288
    2369
    2300
    2335
    2366
    2362
    2329
    2291
    2318
    2241
    2325
    2308
    2357
    2430
    2250
    2384
    2313
    2260
    2327
    2314
    2372
    2305
    2369
    2315
    2276
    2318
    2244
    2395
    2337
    2326
    2345
    2331
    2320
    2241
    2352
    2259
    2313
    2409
    2330
    2276
    2323
    2296
    2368
    2309
    2315
    2299
    2327
    2356
    2279
    2312
    2301
    2271
    2299
    2279
    2368
    2374
    2313
    2277
    2339
    2299
    2375
    2414
    2378
    2434
    2318
    2253
    2355
    2350
    2408
    2309
    2265
    2286
    2415
    2328
    2370
    2303
    2383
    2298
    2370
    2359
    2395
    2323
    2321
    2265
    2319
    2312
    2245
    2351
    2405
    2377
    2314
    2340
    2342
    2315
    2414
    2274
    2328
    2332
    2301
    2326
    2339
    2390
    2312
    2375
    2309
    2311
    2303
    2368
    2349
    2329
    2254
    2335
    2389
    2338
    2305
    2384
    2267
    2266
    2277
    2243
    2418
    2246
    2315
    2288
    2311
    2262
    2290
    2344
    2342
    2386
    2301
    2338
    2300
    2306
    2351
    2308
    2315
    2260
    2276
    2396
    2341
    2259
    2312
    2267
    2349
    2300
    2319
    2281
    2309
    2340
    2370
    2312
    2397
    2328
    2334
    2302
    2343
    2259
    2347
    2307
    2343
    2289
    2306
    2332
    2295
    2335
    2256
    2370
    2334
    2334
    2341
    2319
    2323
    2308
    2181
    2316
    2281
    2348
    2340
    2352
    2325
    2296
    2250
    2264
    2345
    2357
    2348
    2290
    2297
    2357
    2252
    2419
    2331
    2337
    2410
    2337
    2235
    2337
    2340
    2346
    2371
    2396
    2354
    2332
    2357
    2323
    2311
    2250
    2232
    2304
    2339
    2343
    2308
    2304
    2300
    2332
    2307
    2345
    2281
    2330
    2272
    2310
    2288
    2392
    2375
    2239
    2306
    2258
    2232
    2309
    2410
    2289
    2332
    2313
    2285
    2309
    2360
    2252
    2315
    2290
    2399
    2355
    2325
    2332
    2378
    2316
    2298
    2277
    2247
    2282
    2250
    2268
    2319
    2377
    2343
    2373
    2341
    2347
    2299
    2325
    2303
    2286
    2391
    2282
    2421
    2308
    2277
    2398
    2282
    2388
    2205
    2285
    2280
    2363
    2381
    2367
    2300
    2373
    2290
    2355
    2291
    2382
    2341
    2325
    2365
    2306
    2296
    2370
    2298
    2339
    2331
    2347
    2211
    2256
    2306
    2400
    2388
    2325
    2250
    2299
    2311
    2373
    2326
    2303
    2392
    2288
    2406
    2303
    2428
    2331
    2367
    2314
    2320
    2237
    2374
    2308
    2318
    2404
    2285
    2383
    2366
    2313
    2354
    2291
    2310
    2270
    2382
    2366
    2359
    2359
    2324
    2343
    2383
    2343
    2316
    2352
    2296
    2247
    2318
    2345
    2272
    2318
    2363
    2301
    2285
    2315
    2306
    2327
    2253
    2286
    2302
    2353
    2306
    2289
    2299
    2276
    2384
    2345
    2364
    2316
    2338
    2307
    2241
    2331
    2348
    2400
    2255
    2350
    2266
    2289
    2362
    2205
    2293
    2289
    2385
    2308
    2291
    2229
    2233
    2267
    2334
    2355
    2317
    2368
    2373
    2407
    2331
    2356
    2346
    2389
    2299
    2410
    2294
    2275
    2380
    2291
    2314
    2295
    2296
    2331
    2385
    2276
    2179
    2303
    2271
    2268
    2285
    2352
    2330
    2324
    2292
    2300
    2409
    2338
    2235
    2323
    2335
    2282
    2354
    2286
    2318
    2334
    2314
    2326
    2301
    2239
    2324
    2316
    2359
    2279
    2278
    2409
    2317
    2358
    2336
    2293
    2334
    2325
    2243
    2283
    2302
    2262
    2283
    2296
    2347
    2325
    2350
    2390
    2249
    2293
    2292
    2328
    2353
    2413
    2277
    2378
    2312
    2311
    2390
    2308
    2298
    2359
    2224
    2460
    2312
    2298
    2311
    2378
    2239
    2190
    2312
    2331
    2315
    2335
    2362
    2250
    2359
    2349
    2298
    2269
    2299
    2355
    2344
    2296
    2296
    2305
    2353
    2368
    2295
    2345
    2331
    2282
    2374
    2362
    2408
    2321
    2370
    2311
    2246
    2331
    2297
    2274
    2314
    2363
    2359
    2312
    2321
    2357
    2286
    2243
    2281
    2339
    2328
    2294
    2371
    2316
    2264
    2328
    2281
    2335
    2205
    2391
    2330
    2354
    2270
    2355
    2376
    2371
    2285
    2414
    2255
    2332
    2446
    2352
    2270
    2297
    2280
    2386
    2289
    2324
    2406
    2344
    2337
    2335
    2315
    2272
    2322
    2281
    2331
    2331
    2318
    2259
    2269
    2371
    2373
    2382
    2313
    2327
    2333
    2303
    2308
    2353
    2328
    2245
    2357
    2367
    2299
    2268
    2317
    2345
    2299
    2338
    2293
    2352
    2382
    2289
    2319
    2239
    2431
    2325
    2262
    2313
    2249
    2286
    2410
    2315
    2333
    2316
    2315
    2335
    2325
    2327
    2388
    2276
    2266
    2275
    2338
    2346
    2239
    2319
    2377
    2222
    2391
    2243
    2348
    2324
    2279
    2315
    2389
    2293
    2365
    2349
    2268
    2326
    2288
    2360
    2368
    2365
    2315
    2363
    2263
    2334
    2314
    2328
    2422
    2282
    2343
    2241
    2322
    2310
    2288
    2318
    2306
    2373
    2356
    2272
    2294
    2260
    2380
    2297
    2309
    2283
    2383
    2320
    2342
    2331
    2243
    2366
    2273
    2361
    2386
    2329
    2399
    2316
    2300
    2346
    2276
    2393
    2278
    2350
    2296
    2337
    2248
    2355
    2262
    2282
    2304
    2246
    2262
    2303
    2236
    2301
    2279
    2263
    2352
    2334
    2282
    2320
    2309
    2297
    2314
    2366
    2357
    2333
    2388
    2311
    2332
    2324
    2342
    2293
    2410
    2345
    2307
    2366
    2346
    2274
    2326
    2308
    2305
    2303
    2258
    2334
    2330
    2319
    2271
    2366
    2272
    2207
    2376
    2306
    2318
    2273
    2324
    2308
    2347
    2373
    2311
    2308
    2360
    2353
    2306
    2320
    2288
    2247
    2368
    2328
    2440
    2296
    2334
    2313
    2298
    2331
    2343
    2367
    2329
    2293
    2290
    2323
    2297
    2337
    2350
    2267
    2294
    2299
    2358
    2303
    2252
    2409
    2361
    2354
    2346
    2331
    2238
    2408
    2306
    2323
    2326
    2386
    2365
    2360
    2323
    2250
    2303
    2379
    2404
    2257
    2333
    2231
    2373
    2236
    2343
    2372
    2270
    2324
    2341
    2311
    2421
    2350
    2401
    2328
    2359
    2345
    2350
    2227
    2301
    2279
    2324
    2379
    2311
    2209
    2251
    2323
    2393
    2298
    2344
    2284
    2253
    2252
    2385
    2358
    2221
    2318
    2374
    2290
    2315
    2300
    2270
    2308
    2349
    2341
    2297
    2263
    2347
    2325
    2374
    2321
    2394
    2319
    2325
    2395
    2275
    2279
    2285
    2337
    2327
    2330
    2257
    2336
    2285
    2278
    2273
    2272
    2375
    2320
    2320
    2351
    2325
    2362
    2272
    2318
    2295
    2309
    2271
    2335
    2392
    2260
    2359
    2306
    2384
    2390
    2318
    2353
    2325
    2330
    2366
    2335
    2264
    2396
    2210
    2366
    2280
    2330
    2333
    2233
    2427
    2354
    2405
    2332
    2271
    2345
    2276
    2374
    2353
    2393
    2351
    2341
    2275
    2233
    2269
    2320
    2353
    2350
    2253
    2357
    2354
    2399
    2329
    2374
    2396
    2287
    2297
    2331
    2258
    2347
    2377
    2406
    2296
    2268
    2289
    2377
    2304
    2310
    2328
    2288
    2295
    2319
    2359
    2252
    2188
    2247
    2346
    2308
    2386
    2258
    2254
    2288
    2280
    2348
    2365
    2289
    2362
    2349
    2312
    2262
    2347
    2355
    2325
    2398
    2338
    2320
    2354
    2226
    2276
    2361
    2369
    2320
    2324
    2374
    2362
    2347
    2265
    2331
    2362
    2326
    2365
    2370
    2282
    2360
    2267
    2337
    2331
    2245
    2266
    2299
    2250
    2306
    2291
    2322
    2364
    2370
    2370
    2289
    2258
    2374
    2344
    2284
    2256
    2391
    2410
    2289
    2282
    2316
    2276
    2291
    2318
    2245
    2224
    2352
    2376
    2309
    2334
    2324
    2396
    2293
    2271
    2344
    2337
    2312
    2302
    2310
    2372
    2303
    2313
    2311
    2253
    2307
    2344
    2303
    2344
    2352
    2230
    2339
    2226
    2333
    2234
    2331
    2342
    2356
    2294
    2373
    2391
    2358
    2413
    2310
    2332
    2329
    2285
    2383
    2374
    2351
    2252
    2346
    2343
    2368
    2381
    2342
    2338
    2378
    2287
    2325
    2360
    2283
    2389
    2265
    2300
    2394
    2334
    2317
    2260
    2282
    2314
    2252
    2321
    2337
    2320
    2322
    2332
    2309
    2345
    2300
    2332
    2365
    2418
    2325
    2416
    2278
    2240
    2301
    2359
    2323
    2378
    2300
    2327
    2297
    2312
    2394
    2301
    2337
    2267
    2320
    2332
    2343
    2345
    2344
    2404
    2229
    2367
    2307
    2243
    2216
    2268
    2335
    2340
    2211
    2347
    2314
    2305
    2314
    2297
    2348
    2388
    2375
    2394
    2298
    2265
    2241
    2278
    2354
    2332
    2245
    2307
    2394
    2354
    2346
    2357
    2199
    2277
    2289
    2321
    2375
    2314
    2348
    2213
    2306
    2368
    2221
    2248
    2383
    2306
    2428
    2418
    2294
    2259
    2302
    2365
    2276
    2302
    2364
    2291
    2301
    2323
    2326
    2261
    2319
    2352
    2362
    2314
    2429
    2357
    2351
    2364
    2308
    2278
    2319
    2303
    2269
    2308
    2336
    2240
    2326
    2311
    2364
    2377
    2273
    2350
    2212
    2388
    2281
    2296
    2351
    2346
    2309
    2260
    2347
    2418
    2262
    2350
    2317
    2320
    2303
    2362
    2279
    2235
    2318
    2292
    2302
    2306
    2282
    2273
    2388
    2235
    2369
    2271
    2280
    2371
    2248
    2367
    2419
    2259
    2250
    2298
    2312
    2298
    2369
    2254
    2311
    2354
    2288
    2280
    2275
    2323
    2329
    2408
    2350
    2298
    2368
    2267
    2350
    2413
    2243
    2202
    2284
    2308
    2291
    2333
    2395
    2330
    2268
    2379
    2312
    2354
    2303
    2320
    2362
    2358
    2289
    2314
    2315
    2311
    2260
    2345
    2232
    2379
    2305
    2347
    2369
    2356
    2394
    2377
    2396
    2263
    2328
    2219
    2268
    2353
    2280
    2345
    2333
    2343
    2287
    2322
    2458
    2343
    2314
    2258
    2299
    2310
    2337
    2356
    2301
    2300
    2275
    2345
    2356
    2373
    2251
    2346
    2302
    2325
    2297
    2295
    2413
    2327
    2384
    2341
    2251
    2290
    2259
    2396
    2292
    2389
    2289
    2345
    2284
    2359
    2313
    2323
    2325
    2287
    2337
    2429
    2376
    2298
    2343
    2291
    2305
    2278
    2373
    2301
    2385
    2295
    2347
    2316
    2375
    2308
    2368
    2390
    2316
    2322
    2370
    2345
    2300
    2322
    2381
    2374
    2280
    2325
    2321
    2325
    2320
    2295
    2430
    2355
    2276
    2328
    2392
    2209
    2263
    2382
    2288
    2250
    2288
    2284
    2354
    2314
    2264
    2364
    2296
    2346
    2249
    2351
    2339
    2330
    2252
    2358
    2337
    2328
    2316
    2382
    2382
    2319
    2325
    2346
    2284
    2351
    2383
    2334
    2361
    2325
    2274
    2337
    2301
    2216
    2313
    2300
    2323
    2324
    2336
    2421
    2214
    2252
    2267
    2338
    2332
    2289
    2300
    2343
    2275
    2410
    2416
    2289
    2306
    2372
    2326
    2348
    2392
    2263
    2324
    2382
    2290
    2338
    2321
    2278
    2343
    2371
    2220
    2312
    2326
    2328
    2423
    2207
    2262
    2281
    2323
    2296
    2386
    2350
    2332
    2265
    2241
    2342
    2380
    2271
    2318
    2371
    2315
    2388
    2292
    2360
    2291
    2353
    2336
    2320
    2299
    2380
    2326
    2341
    2317
    2331
    2388
    2321
    2275
    2392
    2340
    2392
    2298
    2332
    2340
    2298
    2321
    2312
    2301
    2287
    2364
    2335
    2253
    2357
    2290
    2277
    2295
    2299
    2309
    2383
    2322
    2305
    2302
    2373
    2383
    2305
    2385
    2369
    2358
    2317
    2340
    2347
    2302
    2323
    2325
    2303
    2305
    2293
    2291
    2306
    2289
    2214
    2380
    2340
    2229
    2334
    2342
    2273
    2303
    2332
    2361
    2286
    2382
    2229
    2224
    2264
    2226
    2315
    2329
    2318
    2286
    2330
    2332
    2380
    2310
    2355
    2372
    2313
    2310
    2330
    2285
    2263
    2218
    2452
    2298
    2359
    2360
    2327
    2358
    2337
    2345
    2285
    2339
    2305
    2286
    2262
    2337
    2324
    2233
    2440
    2362
    2307
    2345
    2347
    2261
    2320
    2251
    2308
    2343
    2308
    2385
    2263
    2274
    2378
    2274
    2301
    2249
    2379
    2320
    2368
    2278
    2373
    2252
    2319
    2327
    2303
    2326
    2343
    2335
    2388
    2224
    2349
    2354
    2243
    2376
    2303
    2325
    2292
    2293
    2344
    2300
    2344
    2322
    2327
    2398
    2311
    2329
    2348
    2411
    2321
    2366
    2379
    2328
    2317
    2275
    2270
    2266
    2326
    2234
    2345
    2298
    2301
    2380
    2328
    2361
    2332
    2366
    2295
    2318
    2386
    2308
    2238
    2341
    2359
    2331
    2269
    2256
    2436
    2354
    2342
    2295
    2334
    2233
    2334
    2382
    2268
    2230
    2390
    2260
    2346
    2384
    2279
    2281
    2347
    2259
    2320
    2267
    2259
    2403
    2325
    2379
    2260
    2445
    2348
    2354
    2213
    2299
    2357
    2332
    2316
    2300
    2292
    2380
    2359
    2256
    2289
    2305
    2358
    2388
    2280
    2257
    2287
    2345
    2371
    2273
    2307
    2378
    2304
    2361
    2269
    2305
    2362
    2303
    2380
    2325
    2274
    2257
    2327
    2428
    2246
    2311
    2384
    2372
    2276
    2373
    2305
    2289
    2269
    2367
    2382
    2309
    2359
    2351
    2323
    2284
    2237
    2370
    2316
    2305
    2291
    2322
    2372
    2278
    2353
    2227
    2389
    2310
    2332
    2363
    2307
    2311
    2350
    2327
    2310
    2307
    2284
    2314
    2419
    2327
    2313
    2347
    2387
    2400
    2322
    2307
    2361
    2349
    2331
    2204
    2333
    2331
    2317
    2325
    2301
    2339
    2327
    2265
    2342
    2368
    2354
    2291
    2334
    2384
    2302
    2336
    2275
    2362
    2311
    2351
    2349
    2396
    2303
    2313
    2310
    2310
    2336
    2289
    2414
    2306
    2295
    2273
    2249
    2289
    2276
    2341
    2270
    2228
    2378
    2381
    2362
    2396
    2349
    2306
    2344
    2378
    2359
    2296
    2302
    2271
    2277
    2349
    2339
    2339
    2300
    2323
    2309
    2383
    2283
    2358
    2318
    2353
    2268
    2274
    2295
    2331
    2419
    2327
    2345
    2270
    2368
    2317
    2278
    2280
    2223
    2279
    2307
    2323
    2264
    2390
    2221
    2278
    2383
    2275
    2363
    2361
    2368
    2290
    2303
    2260
    2317
    2276
    2327
    2343
    2353
    2420
    2304
    2318
    2356
    2316
    2335
    2346
    2262
    2378
    2353
    2322
    2331
    2363
    2357
    2216
    2340
    2308
    2257
    2261
    2350
    2283
    2276
    2312
    2299
    2325
    2289
    2329
    2322
    2298
    2253
    2229
    2335
    2243
    2341
    2276
    2343
    2309
    2370
    2320
    2309
    2323
    2399
    2361
    2271
    2325
    2294
    2332
    2274
    2290
    2341
    2420
    2360
    2287
    2323
    2303
    2318
    2289
    2386
    2323
    2242
    2336
    2385
    2312
    2318
    2279
    2367
    2329
    2304
    2357
    2382
    2318
    2369
    2398
    2286
    2416
    2281
    2329
    2323
    2282
    2438
    2330
    2307
    2360
    2255
    2307
    2264
    2360
    2227
    2355
    2289
    2354
    2355
    2268
    2319
    2338
    2315
    2346
    2312
    2309
    2419
    2224
    2323
    2333
    2300
    2277
    2250
    2374
    2317
    2316
    2360
    2389
    2357
    2259
    2342
    2367
    2348
    2292
    2314
    2348
    2274
    2276
    2300
    2270
    2263
    2318
    2325
    2385
    2363
    2296
    2336
    2346
    2265
    2234
    2427
    2211
    2310
    2326
    2350
    2325
    2293
    2340
    2350
    2340
    2324
    2312
    2329
    2263
    2305
    2374
    2341
    2413
    2366
    2351
    2401
    2241
    2305
    2272
    2459
    2282
    2275
    2376
    2293
    2302
    2328
    2293
    2310
    2305
    2266
    2281
    2270
    2356
    2274
    2387
    2315
    2309
    2365
    2330
    2359
    2199
    2320
    2337
    2285
    2347
    2352
    2255
    2324
    2379
    2315
    2291
    2269
    2273
    2336
    2291
    2240
    2239
    2269
    2280
    2307
    2297
    2348
    2335
    2236
    2275
    2314
    2309
    2334
    2327
    2268
    2258
    2230
    2344
    2325
    2231
    2406
    2348
    2326
    2249
    2358
    2374
    2325
    2272
    2348
    2297
    2357
    2301
    2266
    2275
    2294
    2395
    2366
    2336
    2439
    2298
    2343
    2383
    2342
    2349
    2306
    2292
    2322
    2412
    2271
    2289
    2271
    2372
    2371
    2262
    2311
    2289
    2312
    2341
    2329
    2324
    2293
    2325
    2240
    2352
    2340
    2326
    2346
    2367
    2348
    2205
    2346
    2258
    2363
    2299
    2360
    2309
    2353
    2401
    2300
    2221
    2330
    2297
    2334
    2379
    2360
    2270
    2380
    2358
    2304
    2325
    2342
    2322
    2316
    2359
    2391
    2242
    2294
    2308
    2407
    2291
    2356
    2336
    2359
    2331
    2261
    2405
    2341
    2284
    2374
    2258
    2354
    2299
    2321
    2359
    2272
    2333
    2404
    2329
    2380
    2400
    2332
    2359
    2356
    2344
    2297
    2316
    2353
    2376
    2282
    2248
    2309
    2364
    2340
    2436
    2377
    2255
    2277
    2302
    2392
    2302
    2272
    2353
    2371
    2228
    2306
    2282
    2279
    2346
    2256
    2339
    2264
    2343
    2328
    2329
    2258
    2278
    2240
    2331
    2312
    2374
    2311
    2369
    2343
    2376
    2410
    2360
    2333
    2389
    2266
    2326
    2270
    2307
    2345
    2383
    2450
    2312
    2226
    2299
    2312
    2380
    2349
    2289
    2290
    2325
    2371
    2308
    2376
    2314
    2398
    2436
    2266
    2210
    2354
    2367
    2282
    2335
    2342
    2378
    2267
    2269
    2403
    2284
    2377
    2343
    2270
    2369
    2355
    2324
    2246
    2318
    2274
    2238
    2260
    2285
    2352
    2339
    2287
    2377
    2359
    2267
    2357
    2420
    2315
    2332
    2323
    2332
    2359
    2347
    2266
    2366
    2313
    2297
    2362
    2339
    2292
    2328
    2355
    2351
    2318
    2321
    2370
    2294
    2290
    2278
    2346
    2294
    2270
    2340
    2300
    2315
    2261
    2366
    2270
    2337
    2264
    2264
    2348
    2366
    2332
    2349
    2316
    2340
    2258
    2337
    2313
    2271
    2341
    2247
    2318
    2296
    2259
    2350
    2311
    2409
    2330
    2345
    2252
    2337
    2249
    2313
    2318
    2361
    2285
    2392
    2217
    2342
    2327
    2298
    2272
    2307
    2340
    2307
    2364
    2419
    2432
    2339
    2294
    2305
    2389
    2247
    2367
    2292
    2393
    2289
    2347
    2297
    2322
    2240
    2298
    2297
    2350
    2325
    2346
    2340
    2412
    2335
    2302
    2377
    2315
    2263
    2347
    2337
    2271
    2308
    2288
    2335
    2300
    2248
    2371
    2299
    2352
    2318
    2292
    2310
    2298
    2349
    2349
    2223
    2287
    2296
    2397
    2289
    2357
    2378
    2380
    2326
    2374
    2295
    2296
    2351
    2302
    2297
    2295
    2268
    2284
    2339
    2346
    2362
    2274
    2399
    2335
    2353
    2397
    2343
    2340
    2335
    2277
    2292
    2203
    2215
    2279
    2318
    2412
    2270
    2350
    2297
    2297
    2343
    2247
    2199
    2281
    2259
    2346
    2291
    2375
    2270
    2406
    2279
    2234
    2370
    2350
    2326
    2247
    2348
    2237
    2330
    2349
    2302
    2366
    2365
    2318
    2349
    2303
    2305
    2280
    2275
    2419
    2287
    2229
    2330
    2344
    2310
    2321
    2290
    2377
    2218
    2298
    2296
    2241
    2256
    2310
    2314
    2301
    2348
    2297
    2302
    2340
    2321
    2402
    2400
    2232
    2337
    2322
    2249
    2285
    2361
    2313
    2312
    2223
    2277
    2425
    2267
    2380
    2337
    2381
    2288
    2284
    2374
    2306
    2401
    2334
    2278
    2281
    2386
    2356
    2310
    2297
    2309
    2273
    2285
    2302
    2310
    2320
    2364
    2371
    2339
    2327
    2325
    2342
    2330
    2318
    2318
    2431
    2261
    2315
    2379
    2318
    2290
    2345
    2252
    2224
    2383
    2410
    2309
    2363
    2309
    2365
    2299
    2393
    2349
    2329
    2244
    2362
    2347
    2290
    2303
    2354
    2290
    2270
    2353
    2329
    2268
    2301
    2304
    2256
    2297
    2335
    2258
    2272
    2302
    2327
    2325
    2375
    2298
    2323
    2212
    2364
    2305
    2278
    2334
    2328
    2372
    2243
    2338
    2325
    2403
    2361
    2322
    2295
    2251
    2315
    2373
    2342
    2252
    2316
    2448
    2339
    2370
    2291
    2332
    2336
    2433
    2328
    2291
    2404
    2311
    2323
    2321
    2292
    2367
    2229
    2318
    2367
    2317
    2218
    2226
    2291
    2326
    2363
    2290
    2309
    2365
    2316
    2324
    2272
    2251
    2304
    2312
    2324
    2337
    2321
    2301
    2250
    2296
    2334
    2297
    2315
    2338
    2233
    2295
    2296
    2335
    2321
    2289
    2400
    2354
    2330
    2345
    2356
    2263
    2295
    2333
    2304
    2290
    2368
    2288
    2372
    2293
    2336
    2262
    2274
    2323
    2368
    2283
    2338
    2257
    2355
    2321
    2253
    2342
    2313
    2400
    2333
    2352
    2323
    2464
    2285
    2299
    2269
    2361
    2342
    2390
    2344
    2283
    2405
    2332
    2268
    2255
    2314
    2358
    2298
    2366
    2303
    2316
    2210
    2332
    2329
    2253
    2300
    2337
    2209
    2349
    2310
    2227
    2276
    2372
    2304
    2349
    2380
    2246
    2364
    2362
    2305
    2325
    2278
    2289
    2268
    2342
    2286
    2325
    2292
    2356
    2293
    2347
    2148
    2271
    2231
    2338
    2349
    2307
    2423
    2376
    2371
    2250
    2269
    2288
    2253
    2300
    2413
    2308
    2353
    2336
    2313
    2314
    2368
    2211
    2390
    2311
    2304
    2318
    2380
    2317
    2301
    2318
    2323
    2322
    2309
    2416
    2343
    2322
    2389
    2301
    2266
    2330
    2258
    2337
    2253
    2312
    2299
    2306
    2320
    2361
    2314
    2400
    2309
    2218
    2241
    2302
    2266
    2358
    2298
    2310
    2339
    2391
    2244
    2308
    2311
    2268
    2267
    2347
    2317
    2353
    2308
    2293
    2335
    2325
    2338
    2395
    2351
    2283
    2369
    2270
    2283
    2333
    2260
    2315
    2337
    2228
    2258
    2316
    2381
    2288
    2330
    2362
    2303
    2320
    2378
    2322
    2320
    2329
    2344
    2333
    2328
    2388
    2394
    2315
    2285
    2296
    2413
    2307
    2352
    2389
    2313
    2239
    2231
    2262
    2309
    2341
    2330
    2289
    2388
    2325
    2358
    2380
    2286
    2351
    2327
    2296
    2322
    2318
    2283
    2350
    2245
    2341
    2303
    2267
    2214
    2357
    2327
    2366
    2387
    2394
    2324
    2327
    2317
    2373
    2347
    2322
    2385
    2347
    2295
    2304
    2340
    2297
    2318
    2345
    2341
    2355
    2378
    2321
    2312
    2310
    2311
    2347
    2292
    2305
    2316
    2194
    2274
    2362
    2249
    2379
    2295
    2368
    2359
    2267
    2317
    2290
    2213
    2263
    2306
    2238
    2306
    2331
    2270
    2372
    2361
    2401
    2366
    2318
    2352
    2362
    2312
    2298
    2370
    2292
    2294
    2361
    2312
    2269
    2304
    2329
    2264
    2286
    2288
    2302
    2284
    2304
    2311
    2406
    2413
    2210
    2315
    2323
    2323
    2347
    2438
    2338
    2287
    2306
    2244
    2330
    2346
    2315
    2331
    2304
    2431
    2257
    2234
    2375
    2283
    2332
    2257
    2325
    2329
    2374
    2315
    2327
    2237
    2376
    2283
    2302
    2277
    2358
    2342
    2245
    2297
    2327
    2223
    2215
    2353
    2204
    2322
    2356
    2305
    2225
    2335
    2312
    2336
    2379
    2279
    2308
    2346
    2288
    2385
    2296
    2375
    2339
    2328
    2243
    2272
    2294
    2273
    2284
    2284
    2259
    2279
    2337
    2348
    2420
    2294
    2423
    2451
    2298
    2343
    2332
    2287
    2290
    2382
    2262
    2298
    2316
    2209
    2329
    2293
    2267
    2350
    2242
    2350
    2339
    2290
    2388
    2288
    2310
    2322
    2314
    2337
    2364
    2283
    2330
    2294
    2362
    2396
    2263
    2321
    2319
    2250
    2278
    2310
    2323
    2356
    2277
    2342
    2341
    2277
    2308
    2334
    2430
    2301
    2276
    2302
    2335
    2331
    2260
    2267
    2317
    2316
    2307
    2319
    2337
    2338
    2269
    2354
    2367
    2246
    2300
    2301
    2301
    2399
    2348
    2367
    2395
    2220
    2323
    2397
    2287
    2259
    2333
    2284
    2362
    2395
    2282
    2337
    2334
    2372
    2288
    2296
    2264
    2418
    2294
    2319
    2328
    2348
    2354
    2334
    2276
    2313
    2282
    2272
    2250
    2389
    2328
    2372
    2283
    2283
    2445
    2316
    2276
    2263
    2263
    2398
    2300
    2228
    2330
    2267
    2313
    2352
    2282
    2230
    2284
    2345
    2287
    2387
    2428
    2295
    2355
    2387
    2349
    2366
    2277
    2296
    2255
    2354
    2334
    2371
    2291
    2290
    2302
    2394
    2407
    2398
    2321
    2337
    2322
    2305
    2385
    2284
    2406
    2290
    2329
    2303
    2334
    2294
    2295
    2333
    2435
    2260
    2345
    2347
    2359
    2346
    2358
    2362
    2277
    2304
    2318
    2318
    2230
    2329
    2329
    2307
    2296
    2328
    2382
    2275
    2334
    2235
    2360
    2347
    2312
    2402
    2285
    2403
    2340
    2329
    2411
    2360
    2340
    2355
    2243
    2326
    2405
    2310
    2277
    2357
    2331
    2324
    2410
    2316
    2285
    2365
    2314
    2379
    2314
    2366
    2290
    2322
    2310
    2371
    2370
    2354
    2374
    2372
    2370
    2323
    2325
    2332
    2352
    2389
    2306
    2293
    2232
    2244
    2251
    2261
    2285
    2295
    2319
    2358
    2353
    2409
    2340
    2319
    2334
    2348
    2373
    2298
    2344
    2402
    2377
    2308
    2400
    2388
    2348
    2272
    2331
    2319
    2335
    2286
    2443
    2309
    2422
    2395
    2407
    2347
    2212
    2295
    2412
    2284
    2344
    2287
    2260
    2366
    2274
    2355
    2272
    2335
    2297
    2335
    2240
    2359
    2410
    2236
    2249
    2305
    2326
    2377
    2362
    2327
    2373
    2407
    2332
    2358
    2240
    2362
    2266
    2339
    2299
    2335
    2361
    2182
    2362
    2365
    2298
    2294
    2396
    2350
    2383
    2307
    2323
    2322
    2408
    2358
    2312
    2295
    2356
    2387
    2359
    2241
    2385
    2372
    2297
    2291
    2327
    2321
    2378
    2275
    2314
    2341
    2271
    2369
    2329
    2352
    2314
    2269
    2309
    2378
    2316
    2300
    2355
    2379
    2290
    2358
    2358
    2249
    2308
    2325
    2365
    2267
    2312
    2402
    2281
    2262
    2359
    2341
    2217
    2301
    2396
    2302
    2359
    2374
    2280
    2348
    2303
    2305
    2349
    2315
    2269
    2383
    2297
    2259
    2278
    2314
    2247
    2271
    2308
    2280
    2343
    2274
    2323
    2300
    2216
    2277
    2217
    2341
    2376
    2337
    2199
    2179
    2204
    2222
    2319
    2293
    2345
    2387
    2340
    2323
    2201
    2259
    2312
    2315
    2302
    2358
    2279
    2353
    2346
    2431
    2250
    2257
    2373
    2346
    2315
    2290
    2231
    2356
    2275
    2294
    2380
    2307
    2325
    2278
    2387
    2237
    2285
    2369
    2328
    2312
    2326
    2427
    2329
    2245
    2371
    2310
    2416
    2307
    2286
    2357
    2262
    2323
    2350
    2313
    2339
    2303
    2366
    2260
    2318
    2332
    2293
    2417
    2306
    2408
    2338
    2329
    2300
    2351
    2288
    2369
    2366
    2270
    2414
    2338
    2335
    2319
    2378
    2302
    2271
    2248
    2277
    2339
    2425
    2306
    2340
    2300
    2370
    2391
    2287
    2450
    2387
    2259
    2355
    2357
    2387
    2362
    2409
    2328
    2282
    2283
    2355
    2349
    2303
    2396
    2307
    2284
    2315
    2288
    2398
    2297
    2366
    2393
    2320
    2286
    2281
    2296
    2349
    2327
    2342
    2297
    2323
    2291
    2326
    2391
    2327
    2189
    2304
    2373
    2360
    2236
    2341
    2291
    2300
    2355
    2198
    2338
    2242
    2348
    2346
    2349
    2308
    2331
    2334
    2241
    2269
    2260
    2408
    2437
    2279
    2357
    2287
    2307
    2346
    2403
    2333
    2331
    2344
    2340
    2298
    2450
    2272
    2212
    2295
    2336
    2274
    2361
    2286
    2387
    2348
    2377
    2388
    2332
    2249
    2328
    2359
    2340
    2335
    2311
    2261
    2294
    2354
    2269
    2262
    2304
    2296
    2328
    2344
    2313
    2332
    2293
    2332
    2366
    2357
    2341
    2298
    2328
    2299
    2377
    2329
    2388
    2311
    2348
    2329
    2299
    2242
    2339
    2354
    2302
    2423
    2261
    2280
    2243
    2344
    2348
    2341
    2340
    2337
    2384
    2266
    2356
    2354
    2289
    2299
    2350
    2430
    2376
    2254
    2308
    2321
    2355
    2357
    2309
    2321
    2333
    2294
    2340
    2259
    2384
    2338
    2235
    2330
    2279
    2447
    2365
    2437
    2236
    2316
    2308
    2328
    2296
    2344
    2268
    2343
    2306
    2279
    2316
    2308
    2375
    2419
    2374
    2290
    2281
    2403
    2353
    2299
    2268
    2289
    2261
    2306
    2310
    2304
    2254
    2324
    2293
    2220
    2217
    2305
    2212
    2309
    2396
    2230
    2331
    2226
    2328
    2366
    2392
    2362
    2349
    2285
    2329
    2292
    2340
    2311
    2394
    2329
    2269
    2282
    2384
    2334
    2368
    2357
    2372
    2263
    2306
    2279
    2329
    2326
    2281
    2367
    2356
    2319
    2271
    2385
    2363
    2318
    2227
    2251
    2334
    2321
    2364
    2355
    2351
    2290
    2296
    2281
    2327
    2282
    2234
    2273
    2377
    2363
    2245
    2312
    2337
    2373
    2367
    2301
    2262
    2243
    2360
    2251
    2307
    2342
    2299
    2298
    2324
    2337
    2323
    2325
    2301
    2310
    2353
    2270
    2259
    2367
    2386
    2241
    2380
    2329
    2336
    2392
    2265
    2320
    2317
    2357
    2320
    2248
    2320
    2296
    2307
    2193
    2442
    2376
    2305
    2253
    2383
    2330
    2336
    2321
    2369
    2289
    2304
    2272
    2349
    2274
    2305
    2394
    2293
    2372
    2377
    2360
    2285
    2306
    2359
    2363
    2310
    2337
    2366
    2291
    2178
    2254
    2351
    2270
    2308
    2309
    2229
    2340
    2298
    2280
    2266
    2387
    2355
    2277
    2337
    2357
    2413
    2292
    2231
    2394
    2307
    2261
    2358
    2386
    2339
    2328
    2295
    2366
    2312
    2310
    2291
    2303
    2371
    2390
    2407
    2391
    2276
    2336
    2297
    2298
    2308
    2347
    2361
    2395
    2309
    2282
    2348
    2469
    2358
    2297
    2364
    2298
    2251
    2329
    2359
    2352
    2279
    2293
    2364
    2393
    2391
    2307
    2330
    2280
    2248
    2234
    2238
    2329
    2274
    2352
    2353
    2363
    2359
    2353
    2214
    2286
    2256
    2256
    2245
    2356
    2286
    2322
    2320
    2341
    2308
    2281
    2407
    2345
    2324
    2361
    2239
    2304
    2321
    2396
    2315
    2231
    2270
    2278
    2413
    2426
    2297
    2316
    2323
    2293
    2281
    2342
    2307
    2198
    2355
    2154
    2346
    2350
    2257
    2326
    2342
    2381
    2361
    2339
    2275
    2320
    2395
    2374
    2346
    2303
    2299
    2294
    2416
    2274
    2348
    2312
    2304
    2278
    2299
    2280
    2267
    2271
    2303
    2357
    2305
    2311
    2294
    2282
    2300
    2303
    2330
    2376
    2315
    2317
    2369
    2305
    2318
    2347
    2421
    2318
    2311
    2357
    2333
    2342
    2314
    2339
    2309
    2322
    2285
    2281
    2343
    2351
    2272
    2335
    2304
    2316
    2360
    2334
    2346
    2286
    2334
    2285
    2270
    2320
    2348
    2345
    2211
    2388
    2323
    2321
    2360
    2336
    2273
    2357
    2246
    2352
    2276
    2355
    2346
    2279
    2261
    2297
    2296
    2436
    2412
    2357
    2362
    2330
    2338
    2305
    2323
    2399
    2343
    2342
    2374
    2334
    2308
    2362
    2327
    2360
    2391
    2284
    2312
    2344
    2276
    2288
    2298
    2228
    2348
    2403
    2404
    2274
    2376
    2345
    2286
    2307
    2443
    2239
    2313
    2333
    2394
    2362
    2356
    2407
    2272
    2285
    2348
    2401
    2380
    2329
    2238
    2325
    2297
    2285
    2311
    2284
    2348
    2353
    2318
    2325
    2411
    2388
    2353
    2359
    2252
    2267
    2315
    2342
    2361
    2257
    2343
    2292
    2337
    2366
    2317
    2349
    2307
    2238
    2419
    2308
    2279
    2345
    2266
    2344
    2381
    2356
    2366
    2329
    2301
    2334
    2360
    2366
    2401
    2250
    2342
    2269
    2268
    2333
    2315
    2306
    2298
    2320
    2390
    2307
    2283
    2300
    2273
    2329
    2340
    2362
    2271
    2385
    2278
    2296
    2293
    2364
    2260
    2316
    2357
    2435
    2391
    2303
    2301
    2294
    2276
    2314
    2232
    2315
    2218
    2278
    2291
    2344
    2280
    2342
    2345
    2422
    2414
    2309
    2370
    2376
    2305
    2337
    2361
    2314
    2365
    2288
    2370
    2308
    2309
    2348
    2318
    2289
    2254
    2330
    2400
    2355
    2289
    2394
    2315
    2297
    2287
    2327
    2386
    2316
    2327
    2429
    2246
    2308
    2266
    2299
    2328
    2267
    2269
    2261
    2437
    2364
    2318
    2261
    2299
    2285
    2329
    2391
    2369
    2297
    2356
    2289
    2357
    2313
    2283
    2301
    2292
    2267
    2451
    2277
    2367
    2323
    2360
    2374
    2292
    2289
    2308
    2305
    2330
    2406
    2297
    2283
    2281
    2318
    2353
    2360
    2316
    2348
    2320
    2344
    2319
    2307
    2381
    2280
    2417
    2283
    2224
    2245
    2261
    2319
    2305
    2322
    2343
    2335
    2350
    2364
    2362
    2352
    2328
    2321
    2320
    2314
    2277
    2390
    2313
    2301
    2272
    2330
    2366
    2390
    2293
    2341
    2412
    2367
    2244
    2375
    2299
    2241
    2323
    2326
    2285
    2234
    2277
    2233
    2323
    2336
    2317
    2333
    2274
    2412
    2302
    2308
    2330
    2312
    2266
    2330
    2384
    2267
    2398
    2312
    2338
    2257
    2336
    2288
    2367
    2328
    2289
    2210
    2268
    2384
    2373
    2332
    2303
    2386
    2280
    2377
    2299
    2314
    2281
    2342
    2289
    2337
    2376
    2345
    2271
    2313
    2362
    2296
    2290
    2394
    2240
    2407
    2412
    2332
    2342
    2237
    2316
    2294
    2312
    2314
    2256
    2331
    2275
    2273
    2337
    2207
    2307
    2276
    2315
    2345
    2335
    2312
    2258
    2352
    2309
    2323
    2358
    2224
    2389
    2370
    2363
    2417
    2211
    2404
    2407
    2316
    2323
    2299
    2341
    2298
    2409
    2321
    2270
    2369
    2416
    2281
    2365
    2357
    2335
    2363
    2239
    2301
    2320
    2272
    2360
    2203
    2290
    2319
    2430
    2260
    2379
    2298
    2272
    2279
    2350
    2300
    2342
    2346
    2284
    2264
    2330
    2353
    2303
    2253
    2349
    2343
    2400
    2390
    2265
    2326
    2350
    2361
    2272
    2310
    2364
    2321
    2279
    2318
    2391
    2318
    2257
    2376
    2296
    2347
    2366
    2344
    2295
    2369
    2338
    2290
    2268
    2328
    2389
    2239
    2280
    2276
    2346
    2379
    2311
    2259
    2354
    2260
    2433
    2373
    2397
    2268
    2327
    2310
    2338
    2346
    2329
    2250
    2436
    2341
    2338
    2349
    2345
    2268
    2316
    2253
    2385
    2332
    2286
    2332
    2370
    2347
    2333
    2257
    2338
    2227
    2400
    2382
    2398
    2253
    2241
    2370
    2308
    2292
    2313
    2227
    2320
    2258
    2266
    2273
    2242
    2325
    2334
    2317
    2358
    2289
    2378
    2282
    2347
    2299
    2298
    2322
    2205
    2264
    2284
    2400
    2364
    2384
    2298
    2271
    2289
    2313
    2271
    2273
    2302
    2317
    2276
    2367
    2324
    2297
    2310
    2374
    2297
    2238
    2301
    2357
    2273
    2304
    2239
    2382
    2248
    2283
    2211
    2353
    2268
    2343
    2336
    2270
    2313
    2315
    2264
    2332
    2288
    2356
    2285
    2302
    2342
    2447
    2305
    2335
    2388
    2338
    2330
    2263
    2291
    2327
    2344
    2261
    2370
    2315
    2319
    2323
    2351
    2254
    2292
    2369
    2300
    2290
    2252
    2314
    2392
    2395
    2366
    2292
    2245
    2330
    2302
    2321
    2370
    2361
    2410
    2398
    2362
    2372
    2233
    2420
    2238
    2415
    2331
    2366
    2395
    2361
    2210
    2348
    2357
    2395
    2263
    2213
    2286
    2302
    2450
    2335
    2302
    2328
    2373
    2367
    2285
    2283
    2299
    2291
    2411
    2374
    2292
    2322
    2324
    2308
    2344
    2303
    2283
    2321
    2262
    2297
    2273
    2280
    2349
    2311
    2259
    2277
    2287
    2398
    2239
    2388
    2379
    2327
    2240
    2331
    2320
    2258
    2341
    2255
    2336
    2306
    2286
    2316
    2421
    2378
    2360
    2291
    2303
    2317
    2360
    2363
    2284
    2335
    2400
    2320
    2365
    2387
    2314
    2309
    2388
    2311
    2376
    2329
    2305
    2382
    2381
    2232
    2371
    2244
    2332
    2306
    2319
    2284
    2312
    2387
    2273
    2341
    2166
    2331
    2266
    2294
    2273
    2350
    2307
    2287
    2282
    2344
    2318
    2378
    2262
    2313
    2331
    2232
    2262
    2279
    2306
    2289
    2316
    2345
    2327
    2393
    2365
    2344
    2315
    2317
    2315
    2324
    2341
    2338
    2359
    2329
    2346
    2329
    2342
    2367
    2341
    2359
    2261
    2272
    2315
    2254
    2274
    2374
    2318
    2270
    2278
    2388
    2275
    2371
    2314
    2447
    2281
    2386
    2353
    2427
    2298
    2417
    2250
    2285
    2361
    2321
    2392
    2356
    2348
    2358
    2410
    2221
    2318
    2343
    2281
    2259
    2351
    2245
    2356
    2304
    2275
    2226
    2404
    2336
    2307
    2371
    2319
    2328
    2356
    2337
    2288
    2264
    2364
    2266
    2383
    2270
    2334
    2243
    2303
    2269
    2229
    2378
    2189
    2391
    2338
    2295
    2372
    2289
    2296
    2311
    2262
    2292
    2334
    2262
    2352
    2430
    2348
    2291
    2251
    2313
    2187
    2307
    2273
    2333
    2289
    2348
    2386
    2376
    2286
    2330
    2299
    2308
    2347
    2358
    2302
    2339
    2309
    2344
    2340
    2323
    2353
    2278
    2285
    2278
    2304
    2303
    2315
    2242
    2352
    2287
    2380
    2204
    2360
    2326
    2299
    2302
    2330
    2283
    2364
    2382
    2324
    2326
    2321
    2322
    2254
    2355
    2237
    2345
    2226
    2306
    2286
    2249
    2305
    2325
    2271
    2363
    2265
    2221
    2328
    2315
    2347
    2346
    2431
    2284
    2295
    2323
    2376
    2239
    2332
    2356
    2345
    2366
    2347
    2299
    2280
    2393
    2361
    2290
    2229
    2310
    2347
    2223
    2363
    2347
    2323
    2334
    2348
    2272
    2310
    2336
    2336
    2314
    2314
    2358
    2332
    2358
    2332
    2269
    2307
    2284
    2279
    2251
    2296
    2317
    2265
    2351
    2286
    2275
    2278
    2350
    2361
    2300
    2365
    2411
    2328
    2379
    2352
    2372
    2351
    2354
    2413
    2301
    2416
    2235
    2356
    2338
    2275
    2403
    2312
    2359
    2448
    2301
    2389
    2372
    2309
    2269
    2306
    2426
    2293
    2368
    2313
    2267
    2354
    2273
    2446
    2304
    2327
    2259
    2333
    2322
    2351
    2309
    2290
    2306
    2417
    2274
    2345
    2369
    2399
    2397
    2310
    2237
    2435
    2392
    2338
    2204
    2417
    2339
    2413
    2290
    2345
    2345
    2339
    2282
    2312
    2196
    2252
    2276
    2386
    2389
    2325
    2345
    2313
    2298
    2220
    2299
    2317
    2299
    2311
    2328
    2390
    2373
    2332
    2298
    2360
    2260
    2278
    2347
    2377
    2277
    2404
    2350
    2305
    2379
    2318
    2423
    2351
    2284
    2382
    2392
    2326
    2326
    2348
    2297
    2348
    2357
    2247
    2342
    2303
    2331
    2203
    2226
    2322
    2364
    2325
    2331
    2303
    2321
    2312
    2349
    2406
    2226
    2451
    2353
    2298
    2342
    2302
    2379
    2204
    2320
    2284
    2363
    2234
    2238
    2266
    2335
    2344
    2314
    2270
    2415
    2308
    2243
    2278
    2309
    2311
    2364
    2300
    2317
    2322
    2335
    2352
    2318
    2319
    2326
    2275
    2319
    2262
    2288
    2361
    2337
    2288
    2416
    2255
    2372
    2380
    2381
    2318
    2353
    2377
    2419
    2347
    2383
    2350
    2274
    2288
    2395
    2353
    2325
    2274
    2328
    2293
    2285
    2264
    2316
    2291
    2347
    2250
    2370
    2282
    2364
    2304
    2354
    2302
    2374
    2441
    2405
    2341
    2350
    2426
    2366
    2349
    2320
    2368
    2334
    2353
    2297
    2331
    2430
    2242
    2369
    2253
    2387
    2323
    2349
    2336
    2360
    2391
    2347
    2306
    2280
    2318
    2341
    2386
    2465
    2364
    2339
    2251
    2260
    2321
    2322
    2328
    2381
    2254
    2386
    2311
    2357
    2280
    2292
    2403
    2327
    2273
    2285
    2352
    2313
    2319
    2308
    2297
    2302
    2329
    2249
    2396
    2292
    2382
    2278
    2286
    2328
    2302
    2368
    2388
    2246
    2272
    2351
    2371
    2433
    2251
    2365
    2308
    2302
    2368
    2362
    2432
    2170
    2310
    2460
    2273
    2225
    2401
    2375
    2334
    2360
    2384
    2301
    2255
    2311
    2407
    2302
    2310
    2361
    2362
    2345
    2273
    2337
    2368
    2367
    2335
    2391
    2320
    2323
    2303
    2281
    2310
    2455
    2311
    2281
    2268
    2293
    2228
    2312
    2313
    2283
    2355
    2314
    2348
    2299
    2310
    2364
    2283
    2272
    2259
    2315
    2321
    2304
    2318
    2303
    2211
    2281
    2307
    2332
    2323
    2240
    2313
    2345
    2236
    2339
    2331
    2322
    2334
    2315
    2315
    2370
    2381
    2345
    2242
    2301
    2313
    2378
    2305
    2353
    2342
    2327
    2320
    2390
    2255
    2270
    2303
    2370
    2290
    2355
    2304
    2330
    2231
    2405
    2268
    2301
    2301
    2297
    2378
    2280
    2419
    2368
    2357
    2253
    2251
    2357
    2397
    2381
    2344
    2311
    2256
    2331
    2270
    2231
    2215
    2347
    2306
    2232
    2380
    2307
    2267
    2341
    2377
    2268
    2321
    2260
    2335
    2339
    2317
    2319
    2380
    2306
    2249
    2278
    2236
    2285
    2318
    2305
    2346
    2223
    2288
    2325
    2233
    2337
    2316
    2422
    2287
    2375
    2369
    2295
    2270
    2328
    2274
    2361
    2296
    2280
    2256
    2397
    2298
    2208
    2245
    2372
    2350
    2292
    2271
    2378
    2360
    2289
    2340
    2312
    2308
    2330
    2310
    2344
    2302
    2361
    2332
    2336
    2389
    2266
    2316
    2313
    2335
    2309
    2328
    2255
    2279
    2288
    2298
    2277
    2360
    2331
    2335
    2407
    2408
    2325
    2231
    2367
    2369
    2346
    2273
    2262
    2231
    2306
    2296
    2310
    2336
    2364
    2279
    2308
    2373
    2282
    2267
    2396
    2322
    2314
    2360
    2353
    2353
    2230
    2375
    2299
    2425
    2298
    2341
    2299
    2242
    2366
    2208
    2325
    2326
    2292
    2249
    2312
    2307
    2321
    2309
    2440
    2261
    2404
    2332
    2355
    2254
    2276
    2337
    2299
    2311
    2326
    2365
    2289
    2384
    2366
    2280
    2264
    2438
    2341
    2350
    2301
    2454
    2354
    2316
    2290
    2282
    2291
    2386
    2287
    2295
    2354
    2309
    2325
    2349
    2283
    2265
    2319
    2275
    2354
    2322
    2230
    2303
    2300
    2329
    2314
    2274
    2263
    2259
    2274
    2371
    2394
    2346
    2320
    2366
    2284
    2332
    2268
    2311
    2380
    2219
    2264
    2266
    2300
    2305
    2387
    2413
    2326
    2304
    2254
    2302
    2280
    2302
    2319
    2355
    2333
    2346
    2280
    2305
    2201
    2309
    2305
    2243
    2333
    2340
    2311
    2409
    2378
    2355
    2400
    2267
    2345
    2246
    2266
    2226
    2339
    2226
    2257
    2397
    2279
    2291
    2388
    2381
    2320
    2231
    2300
    2369
    2287
    2343
    2359
    2258
    2329
    2269
    2373
    2343
    2284
    2345
    2314
    2263
    2268
    2322
    2320
    2244
    2353
    2397
    2359
    2327
    2330
    2309
    2386
    2288
    2324
    2358
    2309
    2312
    2376
    2305
    2297
    2346
    2451
    2324
    2333
    2372
    2318
    2359
    2231
    2291
    2310
    2342
    2417
    2232
    2270
    2336
    2304
    2282
    2251
    2325
    2314
    2258
    2300
    2303
    2338
    2332
    2360
    2322
    2361
    2338
    2346
    2336
    2325
    2409
    2303
    2315
    2357
    2315
    2284
    2458
    2297
    2404
    2325
    2346
    2362
    2343
    2305
    2239
    2297
    2372
    2261
    2293
    2306
    2280
    2370
    2250
    2369
    2283
    2354
    2286
    2360
    2225
    2353
    2367
    2333
    2311
    2363
    2359
    2308
    2334
    2371
    2326
    2305
    2387
    2338
    2348
    2343
    2350
    2349
    2307
    2365
    2373
    2363
    2388
    2356
    2357
    2289
    2308
    2273
    2266
    2383
    2332
    2345
    2386
    2300
    2303
    2279
    2310
    2341
    2262
    2420
    2321
    2385
    2398
    2306
    2372
    2324
    2210
    2338
    2320
    2413
    2368
    2432
    2349
    2372
    2317
    2361
    2190
    2309
    2348
    2345
    2397
    2351
    2370
    2463
    2318
    2402
    2347
    2267
    2317
    2228
    2317
    2385
    2241
    2330
    2345
    2377
    2353
    2311
    2295
    2385
    2297
    2275
    2331
    2260
    2342
    2333
    2355
    2305
    2231
    2289
    2276
    2290
    2361
    2410
    2288
    2282
    2275
    2336
    2373
    2313
    2337
    2314
    2375
    2379
    2339
    2407
    2259
    2383
    2337
    2296
    2280
    2291
    2295
    2169
    2273
    2341
    2259
    2262
    2327
    2340
    2341
    2294
    2325
    2341
    2272
    2333
    2391
    2361
    2360
    2412
    2307
    2362
    2374
    2355
    2286
    2328
    2377
    2367
    2325
    2303
    2275
    2320
    2321
    2233
    2343
    2319
    2387
    2250
    2260
    2260
    2361
    2312
    2402
    2381
    2229
    2390
    2251
    2316
    2341
    2316
    2355
    2296
    2362
    2372
    2344
    2326
    2318
    2335
    2320
    2330
    2326
    2304
    2258
    2325
    2311
    2271
    2314
    2345
    2302
    2395
    2372
    2359
    2301
    2239
    2260
    2279
    2355
    2291
    2316
    2312
    2291
    2318
    2315
    2289
    2333
    2201
    2327
    2276
    2252
    2432
    2307
    2256
    2255
    2274
    2267
    2419
    2282
    2330
    2387
    2300
    2308
    2416
    2377
    2300
    2345
    2309
    2296
    2317
    2390
    2365
    2388
    2308
    2335
    2368
    2256
    2342
    2325
    2384
    2332
    2406
    2388
    2312
    2322
    2233
    2343
    2265
    2388
    2366
    2220
    2282
    2275
    2440
    2287
    2293
    2265
    2353
    2408
    2323
    2272
    2420
    2337
    2322
    2345
    2234
    2259
    2317
    2307
    2316
    2319
    2330
    2305
    2269
    2225
    2320
    2267
    2351
    2287
    2345
    2318
    2340
    2256
    2312
    2258
    2335
    2282
    2425
    2352
    2390
    2364
    2321
    2357
    2372
    2256
    2305
    2324
    2378
    2324
    2305
    2351
    2311
    2322
    2288
    2288
    2320
    2347
    2389
    2352
    2334
    2303
    2370
    2307
    2272
    2236
    2250
    2266
    2367
    2243
    2328
    2318
    2328
    2262
    2267
    2420
    2395
    2352
    2348
    2300
    2255
    2383
    2443
    2370
    2362
    2290
    2271
    2291
    2333
    2279
    2313
    2307
    2452
    2250
    2303
    2339
    2290
    2275
    2337
    2242
    2286
    2238
    2311
    2281
    2389
    2328
    2375
    2334
    2352
    2356
    2328
    2280
    2353
    2360
    2297
    2376
    2355
    2362
    2348
    2345
    2337
    2323
    2348
    2210
    2305
    2308
    2312
    2359
    2309
    2244
    2309
    2334
    2283
    2302
    2342
    2444
    2300
    2282
    2369
    2303
    2333
    2354
    2335
    2297
    2316
    2176
    2349
    2316
    2418
    2339
    2307
    2363
    2318
    2329
    2400
    2235
    2369
    2292
    2336
    2336
    2415
    2344
    2207
    2262
    2373
    2271
    2394
    2378
    2399
    2328
    2351
    2383
    2228
    2248
    2248
    2281
    2397
    2431
    2308
    2380
    2297
    2428
    2258
    2385
    2300
    2271
    2292
    2343
    2342
    2251
    2223
    2417
    2357
    2237
    2326
    2305
    2282
    2362
    2336
    2306
    2177
    2238
    2327
    2290
    2372
    2267
    2302
    2280
    2347
    2366
    2347
    2377
    2335
    2280
    2251
    2252
    2401
    2355
    2348
    2303
    2410
    2378
    2397
    2330
    2243
    2373
    2347
    2343
    2259
    2300
    2366
    2432
    2345
    2217
    2211
    2295
    2313
    2312
    2325
    2306
    2319
    2290
    2202
    2311
    2294
    2339
    2253
    2279
    2429
    2366
    2388
    2361
    2274
    2316
    2279
    2253
    2319
    2245
    2316
    2302
    2429
    2335
    2366
    2281
    2438
    2237
    2282
    2318
    2293
    2323
    2324
    2419
    2302
    2378
    2308
    2343
    2372
    2367
    2263
    2298
    2310
    2303
    2385
    2399
    2331
    2256
    2323
    2306
    2363
    2391
    2330
    2366
    2370
    2403
    2348
    2344
    2445
    2314
    2271
    2256
    2300
    2353
    2295
    2276
    2271
    2363
    2343
    2285
    2297
    2289
    2212
    2252
    2297
    2344
    2328
    2338
    2334
    2365
    2291
    2336
    2394
    2356
    2375
    2282
    2297
    2231
    2348
    2299
    2321
    2242
    2307
    2260
    2362
    2293
    2420
    2279
    2365
    2307
    2279
    2264
    2351
    2373
    2330
    2331
    2302
    2311
    2379
    2290
    2279
    2379
    2345
    2332
    2325
    2284
    2333
    2270
    2255
    2357
    2311
    2336
    2384
    2306
    2273
    2198
    2324
    2350
    2320
    2256
    2344
    2368
    2364
    2315
    2296
    2338
    2360
    2337
    2381
    2348
    2370
    2359
    2281
    2391
    2288
    2329
    2338
    2273
    2261
    2382
    2223
    2383
    2371
    2325
    2297
    2321
    2322
    2322
    2291
    2384
    2292
    2353
    2226
    2367
    2337
    2376
    2339
    2399
    2265
    2301
    2304
    2361
    2313
    2326
    2286
    2343
    2347
    2346
    2276
    2177
    2338
    2313
    2371
    2368
    2348
    2316
    2365
    2240
    2320
    2221
    2473
    2268
    2343
    2362
    2415
    2322
    2322
    2292
    2264
    2333
    2353
    2332
    2266
    2331
    2273
    2337
    2375
    2242
    2252
    2313
    2281
    2353
    2327
    2297
    2317
    2407
    2317
    2367
    2338
    2273
    2293
    2411
    2367
    2322
    2376
    2324
    2320
    2303
    2267
    2313
    2308
    2341
    2362
    2282
    2287
    2305
    2322
    2278
    2347
    2411
    2255
    2309
    2365
    2298
    2278
    2237
    2351
    2421
    2303
    2436
    2362
    2380
    2259
    2339
    2302
    2269
    2357
    2286
    2387
    2300
    2365
    2303
    2310
    2335
    2375
    2361
    2381
    2254
    2213
    2337
    2357
    2282
    2409
    2378
    2406
    2381
    2299
    2381
    2283
    2359
    2304
    2313
    2364
    2412
    2291
    2313
    2329
    2241
    2259
    2310
    2321
    2313
    2348
    2250
    2316
    2303
    2331
    2320
    2429
    2318
    2323
    2271
    2307
    2295
    2276
    2267
    2271
    2246
    2362
    2310
    2351
    2270
    2360
    2385
    2314
    2394
    2343
    2305
    2334
    2360
    2377
    2360
    2325
    2295
    2270
    2389
    2312
    2313
    2430
    2342
    2281
    2320
    2429
    2258
    2314
    2303
    2356
    2414
    2428
    2327
    2349
    2382
    2359
    2339
    2374
    2332
    2341
    2310
    2367
    2319
    2308
    2344
    2323
    2343
    2340
    2397
    2311
    2344
    2269
    2328
    2368
    2303
    2334
    2396
    2237
    2245
    2418
    2263
    2374
    2403
    2335
    2378
    2354
    2347
    2299
    2355
    2254
    2348
    2219
    2386
    2344
    2312
    2352
    2351
    2310
    2299
    2406
    2348
    2284
    2302
    2217
    2333
    2283
    2309
    2340
    2334
    2307
    2280
    2360
    2277
    2425
    2353
    2354
    2298
    2397
    2333
    2276
    2267
    2261
    2273
    2331
    2301
    2344
    2306
    2284
    2232
    2330
    2266
    2320
    2346
    2288
    2420
    2388
    2328
    2384
    2322
    2358
    2298
    2290
    2311
    2315
    2296
    2363
    2402
    2334
    2324
    2322
    2397
    2344
    2252
    2292
    2288
    2272
    2231
    2299
    2304
    2304
    2219
    2461
    2357
    2331
    2351
    2338
    2305
    2366
    2294
    2358
    2315
    2296
    2344
    2288
    2272
    2395
    2252
    2348
    2447
    2308
    2251
    2441
    2275
    2296
    2343
    2291
    2344
    2359
    2309
    2320
    2321
    2338
    2312
    2313
    2360
    2341
    2319
    2263
    2314
    2292
    2337
    2290
    2308
    2310
    2326
    2360
    2267
    2304
    2296
    2312
    2262
    2315
    2282
    2285
    2364
    2398
    2378
    2372
    2324
    2298
    2314
    2429
    2337
    2325
    2283
    2342
    2298
    2306
    2358
    2341
    2221
    2362
    2300
    2394
    2259
    2287
    2313
    2370
    2345
    2342
    2308
    2310
    2307
    2351
    2321
    2294
    2272
    2367
    2323
    2308
    2333
    2311
    2300
    2313
    2337
    2334
    2396
    2325
    2237
    2228
    2340
    2291
    2333
    2309
    2297
    2296
    2394
    2302
    2346
    2337
    2293
    2357
    2327
    2293
    2310
    2405
    2284
    2402
    2352
    2310
    2323
    2296
    2248
    2385
    2289
    2346
    2308
    2357
    2295
    2321
    2296
    2406
    2269
    2286
    2403
    2338
    2291
    2275
    2300
    2297
    2320
    2401
    2283
    2283
    2290
    2341
    2296
    2373
    2291
    2282
    2296
    2300
    2293
    2284
    2354
    2309
    2363
    2329
    2270
    2275
    2307
    2308
    2178
    2331
    2307
    2346
    2315
    2324
    2320
    2349
    2356
    2329
    2261
    2371
    2403
    2310
    2258
    2263
    2331
    2332
    2282
    2363
    2321
    2355
    2274
    2322
    2300
    2198
    2330
    2311
    2320
    2343
    2280
    2228
    2364
    2260
    2246
    2345
    2317
    2343
    2387
    2285
    2350
    2357
    2343
    2337
    2323
    2377
    2359
    2457
    2277
    2395
    2344
    2232
    2310
    2402
    2295
    2344
    2265
    2345
    2338
    2389
    2238
    2374
    2322
