    5028
    5090
    5101
    5150
    5194
    5048
    5042
    5032
    5073
    5078
    5180
    5136
    5047
    5096
    5097
    5160
    5143
    5066
    5164
    5017
    5003
    5019
    5124
    5040
    4970
    5159
    5128
    5116
    5055
    5031
    5118
    5130
    5098
    5153
    4970
    5088
    4980
    5067
    5045
    4958
    5091
    5019
    5116
    5103
    5030
    5064
    5187
    5258
    5114
    4987
    4985
    5192
    5061
    5118
    5009
    5049
    5064
    5147
    5114
    5041
    5041
    5046
    5011
    5062
    5071
    5143
    5104
    5122
    4977
    5031
    5028
    5084
    5083
    5080
    5026
    4984
    5161
    4996
    5119
    5077
    5113
    5010
    5163
    4975
    5180
    5028
    5080
    5070
    5164
    5135
    5039
    5094
    4946
    4959
    5083
    5039
    5044
    5165
    5108
    5053
    5068
    5176
    4995
    5126
    5090
    4991
    5161
    4986
    5043
    5109
    5152
    5222
    5031
    5073
    5119
    5079
    5028
    5084
    4945
    5105
    5047
    5120
    5163
    5061
    5116
    5067
    5096
    5013
    5062
    5028
    4992
    5156
    5101
    5080
    5075
    5134
    5090
    5034
    4936
    5073
    5069
    5053
    5182
    5163
    5116
    4977
    5016
    5182
    5006
    5103
    5108
    5158
    5172
    5082
    5082
    5176
    5092
    5089
    5085
    5099
    5013
    4961
    5105
    5046
    5229
    5102
    5100
    5063
    5077
    5104
    5095
    5072
    5215
    5019
    5141
    5120
    4985
    5059
    5162
    5031
    5101
    5105
    5046
    4967
    5138
    5115
    5159
    4977
    5042
    4982
    5141
    5008
    5141
    5034
    5009
    4977
    5200
    5184
    5131
    5028
    5115
    5078
    5102
    4981
    5029
    5030
    5170
    5050
    4929
    5103
    5070
    5028
    5139
    5065
    5014
    4971
    5104
    5102
    5078
    5126
    5081
    5072
    5171
    5089
    5043
    5109
    5010
    5108
    5138
    5048
    5061
    4971
    5042
    5018
    5049
    5186
    5031
    5083
    5088
    4956
    5098
    4986
    5054
    5172
    5037
    5082
    4999
    5170
    4969
    5117
    5090
    5080
    5100
    5125
    5013
    5029
    5133
    5105
    5143
    5133
    4889
    5086
    5175
    5067
    5093
    5137
    5162
    4941
    5135
    5044
    5088
    5197
    5083
    5076
    5018
    5068
    5071
    5072
    5204
    5021
    5071
    5028
    5064
    5080
    5056
    5050
    5075
    5042
    5097
    5213
    5063
    5038
    5065
    5155
    5022
    5073
    5087
    5120
    5063
    5129
    5169
    4974
    5062
    5124
    5063
    4932
    5023
    5028
    5107
    5067
    5017
    5130
    4972
    5036
    5137
    5044
    5108
    5113
    5088
    5044
    4967
    5113
    5014
    5135
    5010
    5118
    5031
    5085
    5042
    5154
    5036
    5132
    5121
    5077
    4976
    5006
    5162
    5108
    5089
    5158
    4969
    5061
    5167
    5031
    5175
    5173
    5141
    5147
    5156
    5121
    5049
    5076
    5139
    5212
    5085
    5042
    5066
    5143
    5082
    5095
    5120
    5073
    5054
    5084
    5031
    5003
    5102
    5050
    4961
    5009
    5074
    5115
    5103
    4960
    4998
    4998
    5207
    4932
    5052
    5055
    5168
    5088
    5083
    5128
    4984
    5059
    5206
    5021
    5176
    5067
    4965
    5070
    5037
    5037
    5203
    5030
    4972
    5027
    5001
    4895
    5207
    5083
    5068
    5091
    5074
    5247
    5121
    5046
    5012
    5212
    5013
    5044
    5091
    5121
    5058
    5017
    5161
    5162
    5027
    5088
    5098
    5083
    5111
    5041
    5133
    5063
    5119
    5042
    5088
    5075
    5042
    5119
    5059
    5000
    5075
    5116
    5049
    5053
    5065
    5160
    4994
    5025
    4968
    5105
    5131
    5082
    5150
    5084
    5064
    4994
    5133
    4989
    5077
    4958
    4999
    5109
    5162
    5002
    5013
    5142
    5040
    5212
    4989
    5070
    4985
    5022
    5095
    5123
    5011
    5163
    5161
    5136
    4989
    5017
    5150
    4986
    5110
    5090
    5030
    5073
    5070
    5019
    5225
    5037
    5076
    4971
    5069
    5067
    5054
    5029
    5058
    5072
    5064
    5088
    5101
    4979
    5073
    5041
    5111
    5128
    5041
    5013
    5046
    5062
    5054
    5039
    5237
    5086
    5208
    5072
    4966
    5037
    5037
    5128
    5092
    5059
    5128
    5135
    5078
    5043
    5068
    5057
    5163
    5110
    5119
    5174
    5008
    5085
    4968
    5147
    5166
    5090
    4998
    5090
    5047
    5032
    5045
    5013
    5150
    5001
    4962
    5058
    5009
    5100
    5068
    4925
    5031
    5145
    4945
    5009
    4966
    5122
    4992
    4969
    4951
    5152
    5130
    5095
    5118
    5037
    5002
    5132
    5115
    5131
    5029
    5184
    5034
    5168
    5088
    4982
    5051
    4977
    5136
    5196
    5031
    5054
    5190
    5114
    5009
    5075
    5025
    5030
    5037
    5029
    5161
    5019
    5007
    5001
    5122
    5060
    5085
    5076
    5086
    5141
    5033
    5071
    5149
    5099
    4936
    5223
    5121
    5158
    5104
    5001
    5042
    5119
    5038
    5150
    5055
    4963
    5122
    5105
    4990
    5021
    5094
    5110
    5112
    5022
    4992
    5158
    5151
    5112
    4998
    4994
    5064
    5110
    5134
    5067
    5136
    5087
    5074
    5048
    5071
    5027
    5027
    5084
    5133
    5135
    5118
    4985
    5105
    5026
    5150
    5147
    5127
    5021
    5046
    5094
    5102
    5051
    4943
    5096
    5077
    5022
    5071
    5158
    5109
    5123
    5089
    4989
    5145
    5050
    5129
    5084
    5022
    5009
    5007
    5123
    4989
    4991
    5201
    5196
    5171
    5187
    5145
    4978
    5044
    5107
    5109
    5137
    5086
    5000
    5126
    5055
    5016
    5088
    5082
    5054
    5077
    5064
    5060
    5145
    5083
    5097
    5124
    5072
    4981
    5136
    5150
    5149
    5144
    4959
    5022
    5047
    5166
    5129
    5105
    5063
    5060
    5074
    4975
    5035
    5078
    5073
    4984
    5136
    5023
    4993
    5160
    5046
    5111
    4994
    5036
    5168
    5061
    5147
    5076
    5103
    4964
    5080
    5119
    5086
    5141
    5056
    5056
    5078
    5066
    5108
    5130
    5129
    5064
    5011
    4988
    5002
    5049
    5123
    5078
    5022
    5080
    5010
    5077
    5116
    5026
    5042
    5072
    5202
    5039
    5061
    5047
    5001
    4976
    5155
    5166
    5091
    5022
    5033
    5113
    5167
    5027
    5013
    5023
    5192
    5170
    5054
    5136
    4993
    5082
    4976
    5016
    5065
    5109
    4950
    5028
    5131
    4996
    5047
    5047
    5137
    5035
    4953
    5027
    5191
    5174
    5130
    5040
    5115
    5060
    5109
    5110
    4926
    5084
    5275
    5045
    5145
    5008
    5140
    5078
    5029
    5071
    5085
    5031
    5117
    4999
    5102
    5062
    5088
    5132
    5082
    5099
    5033
    5273
    5051
    5102
    5082
    5054
    5149
    5147
    5161
    4983
    5034
    5057
    5057
    5090
    5198
    5133
    4989
    5147
    5116
    4975
    5051
    5028
    4973
    5118
    5077
    5050
    5227
    5117
    5060
    5030
    5091
    5040
    5083
    4956
    5102
    4993
    4999
    5113
    5009
    4972
    5005
    5046
    5059
    4990
    5220
    5074
    4989
    5099
    5121
    5057
    5067
    5149
    5034
    5044
    5175
    5083
    5079
    5056
    5085
    5102
    5134
    5120
    5126
    5178
    5077
    5221
    5079
    5187
    5110
    5086
    5077
    5066
    5233
    4998
    5080
    5009
    5069
    5066
    5003
    5039
    5049
    5020
    5030
    5115
    5002
    5078
    5091
    5175
    5057
    5027
    5093
    5052
    4977
    5092
    4935
    5007
    5068
    5075
    5117
    5023
    5048
    5069
    5135
    5097
    5003
    5134
    5195
    4956
    5042
    5173
    5082
    5078
    5051
    4932
    4972
    5104
    5112
    5094
    5112
    5215
    4928
    5106
    5109
    5016
    5096
    5041
    5127
    5098
    5079
    5049
    5026
    5029
    5170
    5126
    5032
    5030
    5089
    5128
    4989
    5135
    5100
    5051
    5090
    5069
    5042
    5137
    5079
    5069
    5125
    5109
    5094
    5004
    5101
    5083
    5008
    5091
    5206
    5182
    5010
    5139
    4876
    5000
    5019
    5148
    4994
    5151
    5131
    5125
    5044
    5018
    5076
    5169
    5134
    5140
    4977
    5018
    5031
    5100
    5001
    5085
    5031
    5229
    5117
    5081
    5108
    4918
    5058
    4975
    4984
    4991
    5092
    5099
    5114
    5093
    5112
    5090
    5104
    4983
    4957
    5066
    5083
    5079
    5141
    5090
    5124
    5019
    5159
    5047
    5091
    5115
    5078
    5091
    5105
    5029
    5214
    5118
    5133
    5157
    5070
    5129
    5164
    4959
    5145
    5103
    5095
    5046
    5060
    5087
    5111
    5131
    5112
    5110
    4975
    5124
    5105
    5102
    5064
    5001
    5059
    5037
    5097
    5126
    5083
    5095
    5131
    5031
    5075
    5039
    5098
    5017
    5069
    5084
    5148
    5136
    4987
    5023
    5071
    5142
    5041
    5006
    5115
    5124
    5176
    5117
    5135
    4965
    5006
    5031
    5131
    5031
    5084
    5082
    5004
    5126
    5144
    5057
    5056
    5113
    4961
    5078
    5133
    5181
    4971
    5177
    5182
    4948
    5099
    4989
    5113
    5051
    5056
    5170
    5084
    5168
    5143
    5189
    5058
    5087
    5077
    5066
    5091
    5114
    5088
    5101
    5137
    5093
    5143
    5099
    5062
    5194
    5136
    5141
    5185
    5111
    5214
    5075
    5042
    4994
    5276
    5098
    5149
    5134
    5019
    5106
    5101
    5115
    4972
    5160
    5182
    5077
    5138
    4999
    5021
    5035
    5032
    5018
    5087
    5099
    5012
    5163
    4985
    5103
    5134
    5008
    5097
    5157
    5039
    5125
    5097
    5039
    5059
    5142
    5135
    5040
    5075
    5061
    5016
    5033
    5109
    4928
    5079
    4955
    5006
    5110
    5112
    5062
    5118
    5008
    5151
    5089
    5004
    5086
    5059
    5261
    4989
    5128
    5144
    5075
    4880
    5097
    5030
    5092
    5095
    5061
    5053
    4982
    5019
    5051
    5063
    4990
    5098
    5066
    5097
    5037
    5053
    5112
    5026
    5043
    5018
    5086
    5113
    4973
    5087
    5112
    5142
    5091
    5070
    5075
    5038
    5116
    5134
    5126
    5078
    5055
    5152
    5060
    5104
    5045
    5081
    5139
    4992
    5129
    5015
    5125
    5078
    5005
    5088
    5035
    5194
    4962
    5088
    5098
    5225
    4986
    5001
    5166
    4929
    5107
    4982
    5073
    4976
    5070
    5130
    4989
    5198
    5025
    5111
    5121
    5029
    5103
    5109
    5128
    5145
    5015
    5052
    4970
    5158
    5184
    5093
    5065
    5116
    4991
    5087
    5003
    5076
    5058
    5129
    5224
    5162
    5114
    5178
    5097
    5143
    5125
    5049
    5139
    5130
    5012
    5153
    5126
    5188
    5010
    5100
    5128
    5116
    5072
    5093
    5042
    5112
    5098
    5018
    5004
    4970
    5017
    5232
    5008
    5066
    5102
    5018
    5024
    5090
    5073
    5052
    5162
    5107
    5153
    5068
    5081
    5104
    5150
    5089
    5078
    5110
    5082
    4914
    4951
    5084
    5078
    5100
    5046
    5010
    5111
    5063
    5058
    4937
    5119
    5184
    4958
    5039
    4998
    5037
    5069
    5035
    5041
    5019
    5062
    5188
    5062
    5154
    5068
    5082
    4977
    5149
    5067
    5120
    5097
    5095
    5139
    5074
    5041
    5089
    5044
    5071
    5098
    5109
    5111
    5015
    4994
    4958
    5141
    5098
    5084
    5200
    5123
    5290
    5149
    5093
    5080
    5124
    5132
    5141
    4985
    5154
    5135
    5132
    5132
    5201
    5190
    5007
    5184
    5114
    5213
    4950
    5055
    5200
    5066
    5153
    5099
    4996
    5052
    5084
    5115
    4978
    5046
    5106
    5061
    5107
    5081
    5065
    5160
    5057
    5188
    5080
    4979
    5151
    5101
    5080
    5165
    5152
    5105
    5183
    5000
    5045
    4951
    5016
    5124
    5128
    5238
    5037
    5022
    5011
    4982
    5076
    5013
    5032
    5078
    4982
    5113
    4958
    5118
    5183
    4899
    4981
    5222
    4934
    5078
    4949
    5083
    5062
    5017
    4998
    5128
    5108
    5092
    5121
    5068
    5232
    5069
    5234
    5041
    5102
    5011
    5043
    5125
    5039
    5079
    5079
    5111
    5041
    4996
    5069
    5047
    5168
    5120
    4949
    4990
    5011
    5202
    5118
    5110
    5067
    5159
    5084
    5142
    5114
    5106
    4946
    5154
    5007
    5126
    5016
    5217
    5097
    4998
    5082
    5110
    5153
    5116
    5108
    4986
    5026
    5087
    5138
    5082
    5187
    5139
    5115
    5161
    5061
    5096
    5055
    4983
    5142
    5085
    5083
    5265
    5025
    5154
    5175
    5210
    5052
    5164
    5116
    5173
    5029
    4992
    5168
    5027
    5133
    5111
    5078
    5053
    5104
    5071
    5003
    5050
    5075
    5034
    4972
    5088
    4980
    5032
    5044
    5117
    5010
    5059
    5112
    5196
    5029
    5131
    5042
    4987
    5125
    5045
    5091
    5204
    5000
    5155
    5055
    5086
    4997
    5102
    5187
    5028
    5059
    5092
    5001
    5125
    5064
    5115
    5078
    5033
    5151
    5096
    5052
    5039
    5014
    4974
    5031
    5033
    5014
    4953
    5101
    5081
    5038
    5158
    5051
    5134
    5039
    5076
    5016
    5251
    5027
    5111
    5164
    5044
    5035
    5004
    5208
    5123
    5139
    5066
    5107
    5077
    5027
    5160
    5168
    5079
    5008
    5015
    5151
    5069
    5117
    5088
    5139
    5060
    5067
    5037
    4995
    5148
    4936
    5036
    5098
    5015
    5135
    5112
    5204
    5099
    4964
    4967
    5118
    5125
    5136
    5189
    5056
    5083
    5093
    5057
    5139
    5031
    5108
    5037
    5050
    5068
    5031
    5103
    5114
    5042
    5059
    5219
    5050
    5092
    5049
    5033
    5051
    5136
    4941
    5011
    5105
    4939
    5003
    5035
    5181
    5157
    4958
    5024
    5169
    5071
    5055
    4988
    5038
    5032
    4973
    5102
    5112
    5236
    5060
    5094
    5066
    5047
    5163
    5056
    5005
    5220
    4998
    5177
    5117
    4968
    4967
    5095
    5077
    5006
    5108
    5056
    5074
    5200
    5067
    5128
    5191
    5050
    5142
    5136
    5174
    5075
    5209
    4981
    5054
    5178
    5063
    5051
    5140
    5004
    5063
    5089
    5152
    5004
    5103
    5129
    5101
    5128
    5110
    5085
    5000
    5008
    5195
    5096
    5146
    5028
    5036
    5099
    5160
    5087
    4951
    5214
    5001
    5032
    5105
    5090
    5116
    5105
    5005
    5030
    5089
    5068
    5108
    5108
    5167
    5208
    5069
    5054
    5128
    5069
    4952
    5030
    5081
    5038
    5102
    5124
    5102
    5082
    4988
    4930
    5180
    5122
    4988
    5219
    5039
    5087
    5074
    4938
    5032
    5006
    5113
    5099
    5172
    5175
    5063
    5050
    5109
    5045
    5041
    5302
    5034
    5014
    5073
    5099
    4960
    5010
    5045
    5150
    5131
    5232
    5020
    5174
    5045
    4975
    5150
    5124
    5165
    5117
    5064
    5237
    5066
    5031
    5009
    5069
    5057
    5174
    5155
    5002
    5071
    5145
    5130
    4952
    5089
    4994
    5038
    5039
    5160
    5126
    5154
    5143
    4979
    5108
    5102
    5122
    5098
    5061
    5114
    5142
    4954
    5115
    5172
    5009
    5006
    5091
    5090
    5149
    5035
    5138
    4993
    5067
    5109
    5057
    5076
    4975
    5057
    4996
    5190
    5150
    5066
    4987
    5113
    5040
    5151
    5091
    5021
    5045
    5122
    5106
    5022
    4968
    5065
    5038
    5148
    5033
    5056
    5127
    5086
    5081
    5199
    5131
    5071
    5129
    5119
    5114
    5058
    4999
    5166
    5071
    5047
    5145
    5093
    5087
    4956
    5063
    5123
    5017
    4959
    5050
    5055
    5094
    5123
    4950
    5012
    5098
    5026
    5064
    5160
    5040
    5027
    4979
    5068
    5089
    5058
    5074
    5130
    5057
    5028
    5004
    5192
    5057
    5181
    5151
    5068
    5115
    5124
    5077
    5018
    4977
    4973
    5032
    5056
    4965
    5011
    5022
    5087
    5030
    5095
    5163
    5105
    5112
    5054
    4990
    5107
    5063
    5046
    5097
    5069
    5124
    5250
    5109
    5016
    5019
    5103
    5051
    5134
    5084
    4957
    5074
    4996
    5074
    4950
    5188
    5079
    5054
    5194
    5153
    5103
    5005
    5140
    4997
    5211
    5051
    4975
    5103
    5104
    5019
    5037
    5286
    5014
    5060
    5071
    5065
    5051
    5043
    5128
    5076
    5030
    5124
    5177
    5101
    5119
    5112
    5059
    5246
    5096
    5100
    5020
    5028
    5036
    5149
    5079
    5137
    5230
    5113
    5022
    5059
    5088
    5151
    5182
    5151
    5039
    5137
    5002
    5043
    5214
    5151
    5121
    5101
    5135
    5071
    4943
    5154
    5011
    5007
    5127
    5217
    5094
    5126
    5090
    5142
    5208
    5034
    5059
    5084
    4972
    5037
    5049
    5028
    5209
    5082
    5068
    5103
    4980
    5118
    5063
    5092
    5094
    4988
    5180
    5058
    5043
    5027
    5024
    5017
    5004
    5055
    5009
    5133
    5218
    5129
    5068
    5116
    5127
    5107
    5088
    5003
    5038
    5177
    5155
    4971
    5092
    4915
    4994
    5010
    5056
    5106
    5095
    4997
    5166
    5108
    5119
    5164
    5243
    5117
    4993
    5057
    5035
    5067
    5115
    5088
    5070
    5062
    5089
    5016
    5041
    5067
    5119
    5021
    5067
    5003
    5154
    5046
    5014
    5085
    5078
    5086
    4991
    4968
    5054
    5128
    5032
    5109
    5140
    5159
    4993
    4999
    5137
    5043
    5019
    5131
    5142
    5105
    5148
    5142
    5053
    5183
    5034
    5102
    5115
    5049
    5025
    5111
    5036
    5028
    5119
    5032
    5146
    5037
    5089
    5003
    5017
    5094
    4965
    5059
    5214
    5038
    5141
    5169
    5203
    5123
    5203
    5087
    4986
    5091
    5061
    5022
    5087
    5139
    5075
    5107
    5127
    5103
    5080
    5084
    5148
    4897
    5136
    5036
    4972
    4945
    5063
    5049
    5033
    5011
    5032
    5174
    5081
    5017
    5198
    5135
    5085
    5098
    5021
    5063
    5300
    5133
    5126
    5148
    5033
    5046
    5101
    5056
    5126
    4978
    5102
    4865
    5066
    5032
    5074
    5162
    5126
    5065
    5117
    5214
    5090
    5149
    5060
    5086
    5068
    5158
    5158
    5115
    5037
    5030
    5060
    5202
    5036
    5105
    5038
    5127
    5061
    5191
    5187
    5040
    5034
    5083
    5079
    5180
    5098
    5108
    5023
    4928
    4999
    4980
    5079
    5054
    5045
    5004
    5014
    5126
    4939
    5070
    5088
    5067
    4989
    5114
    5101
    5140
    5090
    5006
    5031
    4966
    5062
    5177
    5056
    5013
    5197
    5052
    5109
    5098
    5028
    5054
    5056
    4974
    5033
    5138
    4907
    5005
    5044
    5025
    5018
    5104
    5123
    5072
    5112
    5016
    4951
    5138
    5155
    5073
    5023
    5079
    5005
    5149
    5071
    5108
    5019
    5095
    5098
    4989
    5077
    5121
    5011
    5096
    5008
    4965
    5107
    5191
    5077
    5258
    5153
    5001
    5031
    5096
    4956
    5073
    5156
    5060
    5073
    5004
    5169
    5121
    5075
    5037
    5138
    5063
    4977
    5095
    5020
    5088
    5089
    5047
    5130
    5072
    5092
    5011
    5105
    5021
    5075
    4986
    4997
    5132
    5070
    4994
    4937
    5094
    5012
    5054
    5107
    5132
    5130
    5025
    5097
    5044
    5071
    5059
    5024
    5185
    5101
    5022
    5122
    5126
    5068
    5090
    5105
    5149
    5080
    5064
    4984
    4988
    5068
    5118
    5019
    5082
    5075
    4998
    5039
    5003
    5147
    5046
    5055
    5048
    5110
    5057
    5072
    4912
    5171
    5073
    5139
    5077
    5085
    5181
    4942
    5055
    5160
    5086
    5068
    5017
    5159
    5064
    5132
    5105
    5127
    5026
    5095
    5006
    5065
    5073
    5183
    5015
    5003
    5003
    5204
    4994
    5164
    5010
    5080
    5093
    5034
    5125
    5015
    5050
    5059
    5090
    5130
    5054
    5138
    5171
    5088
    5204
    5082
    5042
    5095
    5078
    5124
    5063
    5018
    5256
    4928
    5081
    5084
    5144
    5143
    5177
    5132
    5034
    5265
    5122
    5162
    5165
    5106
    5046
    5043
    5109
    5031
    5076
    4971
    5069
    5047
    5124
    5044
    5069
    5092
    5117
    4978
    5208
    5121
    5143
    5149
    5045
    5054
    5099
    5058
    5042
    5077
    5063
    5050
    5124
    5023
    5033
    5111
    5191
    5150
    5100
    5172
    4955
    5058
    5192
    5121
    5106
    5129
    5074
    5047
    5041
    5146
    5114
    5169
    5048
    5012
    5094
    5135
    5105
    5116
    5122
    5095
    5029
    5021
    5114
    5219
    5086
    5082
    5049
    5146
    5088
    5107
    5138
    5077
    5031
    5074
    5051
    5037
    5111
    5060
    5093
    5062
    5066
    5070
    5084
    5139
    5082
    5170
    5053
    5083
    4992
    5015
    5184
    4913
    4914
    5128
    5068
    5101
    5160
    5064
    5104
    5033
    5012
    5068
    5045
    5140
    5068
    5071
    5019
    5138
    5170
    5036
    5106
    5054
    5066
    5102
    5123
    4971
    5109
    4977
    5062
    5163
    5033
    5020
    5080
    5095
    5164
    5140
    4991
    5067
    4971
    5198
    5026
    5026
    5000
    5095
    5201
    5062
    5070
    5157
    5020
    5060
    5133
    5009
    5048
    5074
    5154
    4949
    5083
    5026
    5054
    5012
    5141
    5070
    5057
    4997
    5043
    5106
    5000
    5181
    5101
    4856
    5102
    4997
    5231
    5077
    5168
    5088
    5047
    5100
    5107
    5010
    5097
    4951
    5027
    5091
    5019
    5081
    5070
    5040
    5187
    5142
    4997
    5170
    5069
    5072
    5173
    4984
    5004
    5112
    5171
    5058
    4941
    5027
    5066
    5027
    5057
    4961
    5128
    5073
    4983
    5095
    5099
    5121
    5178
    5022
    5054
    5083
    5082
    5066
    5078
    4979
    5146
    5097
    4926
    5052
    5122
    5123
    5086
    5048
    5081
    5129
    5073
    5174
    5139
    5059
    4969
    5133
    4997
    5018
    5028
    5046
    5006
    4966
    5149
    4995
    5172
    4967
    5110
    5005
    5106
    4977
    5179
    4970
    5059
    5031
    5077
    5124
    5005
    5153
    5119
    5025
    5116
    5076
    5170
    5057
    5089
    5066
    5051
    5105
    5018
    5064
    4947
    4897
    5112
    5106
    5108
    5052
    4949
    5074
    5014
    5141
    5144
    5061
    5022
    5071
    5091
    5189
    5197
    5228
    5114
    5049
    5138
    5178
    5182
    5103
    5132
    5033
    5068
    5000
    5117
    5021
    5089
    5059
    5105
    5044
    5031
    5121
    5042
    5059
    5106
    5103
    4988
    5146
    5048
    5074
    5037
    5026
    4977
    5135
    5099
    4992
    5142
    5165
    5062
    5223
    5101
    5194
    5170
    5091
    5134
    5134
    5042
    5012
    5125
    5010
    5060
    5150
    5115
    5068
    5044
    4976
    4897
    5123
    5057
    5035
    5171
    5075
    5083
    5113
    5011
    5063
    5036
    5053
    5022
    5174
    5056
    4983
    5093
    5088
    5092
    4979
    5091
    5097
    5054
    5007
    4975
    5109
    5003
    5042
    5031
    5122
    5100
    5118
    5034
    5176
    5058
    5151
    4997
    5039
    5089
    5065
    4962
    5109
    5176
    5070
    5050
    4958
    4993
    5095
    4996
    5102
    5087
    5147
    5160
    5088
    5134
    5076
    5004
    5134
    5113
    4959
    5266
    5050
    5164
    5040
    5098
    5045
    5034
    5109
    4928
    5061
    5016
    5048
    5134
    5152
    5062
    5105
    5065
    5038
    5077
    5111
    4996
    5129
    5001
    5118
    5095
    5019
    5121
    5104
    5080
    5055
    5140
    5078
    5040
    5046
    5110
    5053
    5070
    5154
    5110
    5142
    5060
    5036
    5091
    5111
    4964
    5111
    4977
    5025
    4988
    5179
    5154
    5076
    5113
    5151
    5014
    5027
    5067
    5090
    5214
    5162
    4980
    5002
    5011
    5025
    5073
    5067
    5184
    5076
    5048
    5133
    5089
    5137
    4988
    5013
    5086
    4977
    5034
    5179
    4964
    5039
    5077
    5041
    5089
    5100
    5124
    5108
    5137
    4996
    5093
    5087
    4935
    5096
    5108
    5082
    5091
    4988
    5074
    5029
    4996
    5057
    5106
    5053
    5058
    5083
    5103
    5026
    5055
    5096
    5152
    5116
    4943
    4990
    5111
    5067
    5160
    5034
    5065
    5015
    5138
    4987
    5060
    5057
    5116
    5034
    5010
    5037
    5100
    5155
    5057
    5020
    5006
    5047
    5071
    5065
    5010
    5044
    5128
    5075
    5142
    5069
    5100
    5017
    5032
    4995
    5090
    5030
    4988
    5098
    5042
    5072
    5073
    5080
    5059
    5102
    4950
    5145
    5184
    5148
    5194
    5053
    4908
    5137
    5073
    5119
    5009
    5130
    5094
    5131
    5057
    5044
    5134
    5132
    5026
    5213
    4987
    5048
    5031
    5026
    5070
    5064
    5078
    5048
    5092
    5110
    5054
    5162
    5146
    5083
    5009
    5148
    4986
    5163
    5002
    5104
    5038
    5098
    5089
    5071
    5070
    5022
    5173
    4998
    5067
    5047
    5043
    5055
    5025
    5080
    5036
    5102
    5131
    5009
    5016
    4982
    5232
    5105
    4968
    5168
    5041
    4954
    5027
    5080
    5100
    5011
    5076
    5198
    5078
    5084
    5147
    5062
    5139
    5099
    5140
    5035
    5090
    5073
    5052
    5080
    5177
    5083
    5039
    5014
    5139
    4979
    5091
    5026
    5152
    5155
    5069
    5132
    5061
    5071
    5088
    5163
    5091
    5072
    5058
    5036
    5101
    5128
    5178
    5097
    5024
    4998
    5090
    5024
    5064
    5027
    5092
    5049
    5134
    5096
    5049
    4944
    5123
    5095
    5042
    5089
    5042
    5105
    5155
    5063
    5119
    5196
    5129
    5132
    5225
    5158
    5048
    5082
    5112
    5137
    5067
    5142
    5148
    5026
    5083
    5058
    5006
    5036
    5224
    5059
    5079
    4993
    5147
    4999
    5022
    5111
    5090
    5003
    5164
    5029
    5074
    4987
    4998
    4990
    5151
    5087
    5054
    4980
    5097
    5085
    5155
    5163
    5016
    5121
    5157
    5172
    5068
    5024
    5109
    5074
    5067
    5149
    5161
    4986
    5102
    5094
    5038
    5093
    5119
    5126
    5110
    5056
    5106
    5023
    5012
    5056
    5159
    5091
    5021
    5065
    5115
    5093
    5132
    5204
    5120
    4996
    5106
    5119
    5089
    4962
    5244
    5149
    5077
    5107
    5013
    5172
    5171
    5017
    5050
    5032
    4989
    5056
    5023
    5118
    5080
    5157
    5069
    5213
    5045
    5036
    5065
    4946
    5006
    5025
    5156
    5121
    5071
    5136
    4981
    5032
    5189
    4975
    5103
    5111
    5013
    5199
    5071
    5048
    5062
    5000
    5051
    5055
    4938
    5066
    5099
    4995
    5003
    5051
    5218
    5065
    5109
    5194
    4897
    5150
    5164
    5166
    5178
    5087
    5034
    5063
    5112
    5042
    5053
    5123
    5132
    5148
    5196
    5129
    5111
    5101
    4964
    5152
    5022
    5086
    5101
    5052
    5102
    5186
    5061
    5126
    5022
    5077
    5094
    5002
    5086
    5034
    5054
    5026
    5185
    5032
    5228
    5087
    5084
    5107
    5109
    5080
    5074
    5115
    4978
    5014
    5123
    5081
    5075
    5078
    5105
    5098
    5083
    5107
    5048
    5143
    5035
    5178
    5165
    5110
    5075
    5049
    5112
    5015
    5180
    5009
    4997
    5104
    5136
    5140
    5052
    5097
    5113
    5023
    5040
    5050
    5043
    5076
    5106
    5055
    5129
    5068
    5034
    5074
    5030
    5052
    5141
    5147
    5121
    5013
    5006
    5062
    5056
    5117
    5178
    5186
    5111
    5084
    5039
    5099
    5013
    5174
    5014
    5002
    4975
    5018
    5034
    5200
    5007
    5041
    4986
    5203
    5130
    5157
    5157
    5066
    5034
    5095
    5193
    5110
    5080
    5125
    5156
    5022
    4993
    5147
    5210
    5068
    5005
    5051
    5092
    4989
    5148
    5117
    5117
    5142
    5061
    5102
    5029
    5032
    5111
    5027
    4997
    5025
    5054
    5067
    5069
    5181
    5159
    4960
    5116
    5067
    5137
    5163
    5065
    5146
    5005
    5051
    5138
    5192
    4937
    5183
    5128
    5048
    5020
    5044
    5114
    5091
    5002
    5044
    5160
    5114
    5042
    5042
    5054
    5071
    4995
    4951
    5074
    5098
    5135
    5054
    5072
    5160
    5097
    5106
    5051
    5100
    5062
    5064
    5111
    5038
    5088
    5092
    4970
    5022
    4983
    5048
    5076
    5174
    5114
    4993
    5074
    5006
    4996
    5126
    5109
    5158
    5015
    5035
    5136
    5036
    5111
    5045
    5151
    4977
    5129
    4991
    5135
    5118
    5081
    5108
    5140
    5009
    5081
    5143
    5062
    5019
    5018
    4981
    5006
    5067
    5224
    4971
    5077
    5058
    5155
    5079
    5128
    5047
    5176
    5102
    5184
    5072
    5022
    5087
    5109
    5059
    5110
    5098
    5014
    5074
    5126
    5049
    4990
    5028
    5111
    5115
    5080
    5117
    5071
    5152
    5075
    5040
    5110
    5046
    5098
    5116
    5186
    5131
    5103
    5158
    5115
    5016
    4991
    5048
    5122
    5070
    4981
    5088
    5135
    5082
    5071
    5055
    5024
    5037
    5113
    5133
    4968
    4983
    5059
    5017
    4996
    5103
    5098
    5097
    5079
    5073
    5158
    5051
    5070
    4973
    4935
    5005
    5122
    5144
    5007
    5235
    5052
    5160
    5057
    5074
    5113
    4972
    5048
    5022
    5081
    5183
    4907
    5006
    5150
    4970
    5098
    5086
    5137
    5126
    5181
    5137
    4999
    5038
    5004
    5023
    5146
    5168
    5178
    5111
    5172
    5204
    5190
    5038
    4995
    5020
    5111
    5024
    5020
    4979
    5054
    5060
    5019
    4981
    5105
    5109
    5075
    5072
    5067
    5070
    5118
    5036
    5094
    4956
    5062
    5119
    5093
    5011
    5158
    5032
    5083
    4959
    5121
    5043
    4944
    5106
    5059
    5126
    5015
    5177
    5141
    4978
    4957
    5023
    5089
    5109
    4988
    5109
    5028
    4956
    5083
    5091
    5080
    5109
    5042
    5017
    5111
    5135
    5077
    5084
    5037
    5066
    4944
    5112
    5039
    5157
    5036
    5043
    5004
    5014
    5154
    5175
    4968
    5124
    5061
    5153
    5111
    5130
    5183
    4999
    5027
    4988
    4999
    5125
    5010
    5048
    5167
    5044
    5045
    5172
    5113
    5008
    5109
    5092
    5130
    5151
    5071
    5145
    5078
    5028
    5073
    5141
    5077
    4955
    5070
    5010
    5138
    5087
    5074
    5118
    5151
    5066
    5025
    5148
    5049
    5115
    5096
    5153
    4891
    5181
    5012
    5028
    5013
    5088
    5044
    5057
    5003
    5099
    5092
    5065
    5183
    4988
    5138
    5062
    4999
    5144
    5053
    5065
    5096
    5104
    5084
    5080
    5104
    4979
    5020
    5134
    5170
    5141
    5074
    5128
    5067
    5066
    5147
    5139
    5108
    5022
    5141
    5141
    5149
    5042
    5084
    5154
    5012
    5110
    5097
    5095
    5051
    5054
    4965
    5021
    5145
    5057
    5062
    4994
    5114
    5057
    5128
    4991
    5161
    5024
    5018
    5125
    5052
    5210
    5151
    5022
    5068
    5128
    5059
    5079
    5112
    5052
    4996
    5203
    5048
    5101
    5082
    5078
    4961
    5086
    5008
    4939
    5073
    5077
    5094
    5083
    4998
    5094
    5013
    5088
    5020
    5023
    5047
    5100
    5120
    5128
    5042
    5002
    5133
    5051
    5129
    5142
    5160
    5143
    5036
    5137
    5004
    5066
    5070
    5097
    5070
    5048
    5109
    5097
    5066
    5120
    5072
    5042
    5016
    4937
    4970
    5002
    5115
    5171
    5057
    5042
    5033
    5073
    5070
    5133
    5068
    5188
    5063
    5181
    5005
    4971
    5059
    5039
    5039
    5165
    5130
    5112
    5065
    5136
    5107
    5127
    5138
    5165
    5052
    5108
    5143
    5031
    5091
    5087
    5014
    5049
    5141
    5064
    5010
    5084
    5045
    5194
    5011
    5109
    5070
    4993
    5044
    5061
    4987
    5074
    5003
    5131
    5087
    5044
    5071
    5084
    5041
    5155
    5031
    5083
    5088
    5153
    5143
    5063
    5084
    4986
    5026
    5134
    5067
    5078
    5137
    5015
    5053
    5137
    5037
    5074
    5026
    5061
    4940
    5027
    5066
    5083
    5046
    5025
    5056
    5063
    5173
    5218
    5036
    5082
    5001
    5095
    5195
    5067
    5135
    5046
    5111
    5044
    5177
    5034
    5141
    5029
    5017
    4982
    4951
    5104
    5074
    5026
    5168
    5147
    5147
    5133
    5068
    5009
    5048
    5041
    4957
    5044
    5000
    5042
    5016
    5079
    5153
    5074
    5048
    5157
    5085
    4998
    5064
    5070
    5104
    5052
    5099
    5114
    5080
    5142
    4952
    5009
    5074
    5130
    5104
    4958
    5074
    5012
    5004
    5033
    5106
    5091
    5063
    5142
    4950
    4973
    5088
    5043
    5078
    5058
    5062
    5086
    5002
    5087
    5089
    5047
    5014
    5022
    5043
    5067
    5018
    5296
    4998
    5035
    5021
    4973
    5131
    5035
    5110
    5111
    5068
    4993
    5196
    5046
    5039
    5082
    5076
    5182
    5024
    4973
    5157
    5126
    5048
    5052
    5148
    5188
    5073
    5170
    5195
    5096
    5020
    5086
    5021
    4983
    5039
    5143
    5068
    5152
    5007
    5097
    5031
    5073
    5095
    5078
    5076
    5125
    5081
    5011
    5073
    5092
    4955
    5032
    5112
    5057
    5044
    5057
    5072
    5119
    5118
    5273
    5071
    5203
    5138
    4958
    5164
    5070
    5072
    5072
    5050
    5093
    5134
    5087
    5054
    4976
    5056
    5025
    5050
    5074
    5059
    5145
    5063
    5090
    4994
    5243
    4937
    5185
    5082
    5047
    5074
    5037
    5159
    5163
    5098
    5087
    5041
    5074
    5106
    4996
    5009
    5020
    5005
    5173
    5073
    5065
    5080
    5083
    5046
    5065
    5100
    5093
    5075
    5041
    5021
    5153
    5066
    5102
    5041
    4950
    5092
    5128
    5024
    5051
    5077
    5010
    5201
    4991
    4979
    5068
    5086
    5062
    5133
    5077
    5167
    5029
    5001
    5079
    5074
    5034
    5072
    5104
    5065
    5091
    5081
    5164
    4930
    5056
    5136
    5099
    4943
    4964
    5092
    5115
    5020
    5073
    5064
    5089
    5039
    4919
    5188
    5135
    5131
    5032
    5107
    5016
    5013
    5141
    5094
    5026
    5014
    5034
    5055
    5081
    5171
    4974
    5105
    5019
    5113
    5047
    4980
    5091
    5091
    4992
    5041
    4994
    5175
    5013
    5113
    5127
    5030
    5003
    5125
    5071
    5076
    4932
    5082
    5059
    4956
    5026
    5032
    5142
    5074
    5171
    5078
    5043
    5090
    5051
    5035
    5084
    5182
    5160
    5034
    5053
    5193
    5141
    5040
    5040
    5108
    5055
    5086
    5038
    5171
    5115
    5019
    5010
    5087
    5121
    5106
    5068
    5124
    5151
    5081
    5085
    5141
    5107
    4978
    5217
    5130
    5081
    4992
    4962
    5102
    5111
    5057
    5041
    5077
    5104
    5095
    5074
    5019
    5086
    5044
    5193
    5115
    5009
    5109
    5048
    5150
    5018
    5095
    5037
    4942
    5072
    5046
    5208
    5048
    5213
    5049
    5059
    5211
    5121
    5104
    5029
    5059
    5070
    5096
    5050
    5020
    5110
    5181
    5020
    5093
    5052
    5055
    5131
    5026
    5060
    5058
    5045
    5066
    5099
    5126
    5077
    5001
    5253
    4979
    5090
    4995
    4928
    4958
    5104
    5002
    5071
    5098
    5099
    4954
    5101
    5107
    5017
    5029
    5113
    5097
    5049
    5007
    5077
    5103
    5154
    4876
    5164
    5091
    5082
    5186
    5068
    5177
    5201
    4935
    5091
    5067
    5039
    4886
    5126
    5029
    5057
    5023
    5130
    5022
    5018
    5053
    5068
    5162
    5114
    4977
    5029
    5101
    5085
    5081
    5115
    5016
    5031
    5200
    5029
    5167
    5073
    5016
    5076
    5082
    5096
    4967
    5142
    4929
    5115
    5038
    5122
    5022
    5074
    5032
    5025
    5106
    5098
    5068
    4976
    5223
    5057
    5040
    5075
    5294
    5121
    5095
    5073
    5081
    5158
    5006
    5104
    5006
    5011
    5028
    4991
    5049
    5060
    5081
    5008
    5134
    5137
    5027
    5163
    5143
    5022
    5130
    5071
    4975
    5081
    5010
    4970
    5060
    4980
    5031
    5078
    5169
    5039
    5049
    5165
    5047
    4986
    5006
    4988
    5086
    4983
    5116
    5080
    5024
    4950
    5149
    5101
    4996
    5117
    5113
    5053
    5060
    5088
    4876
    4944
    5063
    5045
    5038
    5065
    5167
    5054
    5091
    5099
    5104
    5127
    5076
    5069
    4997
    5097
    5085
    4979
    5028
    4992
    5058
    5059
    5226
    5075
    5148
    5246
    5089
    5123
    5019
    5045
    5035
    5160
    5058
    5054
    5117
    5198
    5101
    5040
    5008
    4988
    5054
    5112
    5043
    5073
    5126
    5176
    5029
    4992
    5134
    5064
    5033
    5153
    5176
    5118
    5105
    5000
    5206
    5055
    5047
    5129
    5118
    5039
    5127
    5067
    5057
    5129
    5155
    5050
    5032
    5193
    5272
    4998
    5023
    5078
    5136
    5126
    5090
    5114
    5079
    4997
    5145
    5012
    5061
    5153
    5128
    5073
    5074
    5108
    5025
    5259
    5113
    5015
    5105
    5137
    5078
    5089
    5198
    5129
    5029
    5090
    5143
    5078
    5169
    5105
    5193
    5049
    4971
    4983
    5098
    5066
    5100
    5103
    5189
    5127
    5124
    5148
    5060
    4999
    5135
    5080
    4944
    5025
    5033
    5058
    5053
    5037
    5066
    5050
    4989
    5041
    5154
    5134
    5193
    5118
    5044
    5081
    5049
    4958
    5026
    5000
    4961
    4990
    5120
    5117
    5060
    5045
    5054
    5038
    5030
    5055
    5221
    5038
    4994
    5098
    4945
    5095
    5034
    5133
    5124
    5176
    5105
    5093
    5065
    5097
    5088
    5152
    5063
    5048
    4979
    5037
    5010
    5049
    5161
    5075
    5103
    5086
    5109
    5102
    5102
    5074
    5058
    5105
    5013
    5073
    4944
    5086
    5133
    5117
    4995
    5061
    5047
    5022
    5077
    5028
    5129
    5114
    5027
    5051
    5009
    5008
    5122
    5117
    5090
    5198
    5076
    5033
    5018
    5076
    5109
    5079
    5088
    5032
    5154
    5045
    5103
    4965
    5090
    5046
    5181
    5150
    5058
    5131
    5190
    5151
    5164
    5038
    5144
    5076
    5068
    4975
    4992
    5016
    5114
    5125
    5219
    5176
    5121
    5156
    5110
    5100
    4990
    5077
    5048
    5021
    5024
    4983
    5096
    4981
    5066
    5004
    4966
    5141
    4975
    5067
    5151
    5048
    5143
    5037
    5077
    5092
    5068
    5078
    5014
    5195
    5049
    4998
    5144
    5071
    5123
    5004
    5111
    5078
    5102
    5051
    5156
    4996
    5129
    5017
    5089
    5021
    4967
    5096
    5078
    4999
    5066
    5060
    5132
    5010
    5084
    4992
    5146
    5148
    5014
    5058
    5061
    5118
    5200
    5187
    4997
    5031
    5084
    5100
    5119
    5077
    5097
    5105
    5056
    5016
    5092
    5160
    5043
    5044
    4988
    5029
    4984
    5162
    5041
    5037
    5074
    4966
    5063
    4952
    5220
    5184
    5032
    5119
    5015
    5021
    5153
    5066
    5078
    5041
    5012
    5108
    5145
    5159
    5059
    5212
    5084
    5072
    4965
    4971
    5178
    5207
    5120
    4995
    5167
    5110
    5083
    5043
    5061
    5052
    5136
    5113
    5046
    5101
    5119
    5144
    5081
    5080
    4992
    4907
    5149
    5020
    5084
    5092
    5111
    5276
    4926
    5083
    4976
    5059
    5108
    4974
    5089
    4976
    5094
    5175
    5112
    4935
    5064
    4985
    4914
    5046
    5119
    5018
    5081
    4994
    4987
    5206
    5015
    5077
    5101
    5081
    5125
    5048
    5121
    5047
    5029
    5122
    5053
    5123
    5103
    5071
    5047
    5065
    5128
    5073
    4972
    5094
    5109
    5146
    5074
    5160
    5079
    5142
    5090
    5165
    4931
    5104
    5087
    5005
    5060
    5006
    5112
    5097
    5191
    5161
    5070
    5167
    5033
    5136
    5096
    5098
    5083
    5092
    5079
    5069
    5129
    5076
    5169
    5093
    5046
    5088
    5106
    5082
    5077
    5030
    5046
    5069
    4937
    5104
    5139
    4995
    5127
    5116
    5124
    5045
    5063
    5168
    5162
    5046
    5093
    5016
    4955
    5162
    5122
    4970
    5135
    5087
    5093
    5143
    5048
    4962
    5224
    5090
    5089
    5046
    5070
    5100
    5105
    4963
    5004
    5158
    5095
    5052
    4975
    5120
    4999
    5124
    5086
    5077
    5172
    5074
    5128
    5081
    4976
    5108
    5073
    5124
    5054
    5049
    5054
    5102
    5077
    5066
    4999
    4993
    5086
    5141
    4993
    5023
    5066
    5017
    5098
    5044
    5137
    5018
    5052
    5074
    5094
    5140
    5024
    5173
    5041
    5053
    5154
    4989
    5136
    5122
    5145
    5052
    5063
    5117
    5023
    5197
    5241
    4944
    5145
    5126
    4996
    4997
    5092
    5053
    5028
    4990
    5110
    5228
    5089
    5196
    5073
    5126
    4966
    5094
    5114
    5054
    5059
    5053
    5001
    5108
    5058
    5099
    4994
    5116
    5141
    5067
    5096
    5080
    5104
    5024
    5068
    5139
    4983
    5052
    4911
    5171
    5108
    5076
    5039
    5110
    5049
    5022
    5066
    5052
    5021
    5098
    5055
    5072
    5004
    5049
    5083
    5085
    5133
    5123
    5139
    5172
    5164
    4992
    5120
    5050
    5034
    5099
    4996
    5143
    5108
    5055
    5142
    5095
    4953
    5028
    5050
    5079
    5069
    5112
    4987
    4960
    5036
    5067
    5102
    5001
    5047
    5130
    5046
    4995
    4961
    5118
    4994
    4926
    5080
    5280
    5034
    5056
    5035
    5066
    5119
    5044
    5011
    5004
    4990
    5083
    5143
    5028
    4938
    5041
    5078
    4963
    4946
    5048
    5120
    5092
    5070
    5006
    5074
    5163
    5162
    5088
    5093
    5109
    5015
    4980
    5099
    5081
    5037
    5062
    5297
    5099
    5136
    5096
    5127
    5103
    5072
    4971
    5084
    5065
    5087
    5096
    5169
    5077
    5216
    5029
    5175
    5039
    5082
    5157
    5138
    5163
    5165
    5089
    5133
    5132
    4991
    5062
    5094
    5157
    4966
    5135
    4942
    4990
    5052
    5081
    5127
    5090
    5080
    5145
    5191
    5076
    5008
    5049
    4931
    5184
    5053
    5169
    5082
    5145
    5077
    5115
    5121
    5120
    4997
    5057
    5065
    5084
    5061
    5104
    4981
    5067
    5125
    5039
    5082
    5212
    5086
    5082
    5161
    5151
    5109
    5026
    5184
    5098
    5191
    4994
    5183
    5048
    5121
    4953
    5020
    5019
    5063
    5079
    5165
    5091
    5180
    5019
    5103
    5149
    4984
    5191
    4995
    5102
    5098
    5062
    5108
    5009
    5050
    5126
    5098
    4989
    5153
    4956
    5099
    5046
    4970
    5117
    5034
    5181
    5098
    5046
    5059
    5042
    5125
    4990
    5036
    5132
    5152
    5072
    5125
    5103
    4980
    4989
    5050
    5180
    5059
    5020
    4960
    5066
    5092
    5021
    5111
    5081
    5061
    5145
    5024
    5015
    5101
    5051
    4964
    5050
    5109
    5047
    5150
    5098
    5118
    5122
    5095
    5109
    5117
    5050
    5070
    5012
    5038
    5001
    5118
    5008
    4991
    5080
    5096
    5114
    5057
    5082
    5049
    5116
    5065
    5008
    4990
    4997
    5030
    4962
    4953
    5002
    5102
    5115
    5051
    5007
    5117
    5120
    5069
    5055
    5194
    4912
    4986
    5089
    5040
    4970
    5024
    5106
    5069
    5029
    5128
    5099
    4975
    5066
    5070
    5101
    4986
    5173
    5179
    5003
    4984
    4992
    4979
    5112
    5057
    5096
    5105
    5127
    5086
    5120
    4975
    5036
    5113
    5083
    4997
    5100
    4946
    5069
    5082
    5085
    5129
    5100
    4995
    5110
    5123
    5229
    5072
    5017
    5065
    5117
    5109
    5145
    5087
    5163
    5008
    5067
    5096
    5010
    4992
    5156
    5207
    5051
    5123
    5124
    5065
    5147
    5023
    5071
    5114
    5030
    4995
    5064
    4995
    5024
    5025
    4965
    5033
    5133
    5006
    5174
    5078
    5026
    5147
    4964
    5055
    5087
    5025
    5083
    5017
    5102
    5065
    5080
    5038
    5048
    5091
    5100
    5044
    5051
    5035
    5056
    5082
    5122
    5165
    5103
    5095
    4976
    5086
    4987
    5102
    5127
    5131
    4984
    5018
    5031
    5128
    5110
    5069
    5085
    5099
    4961
    5032
    5081
    5171
    4910
    5007
    5099
    4994
    5091
    5072
    5104
    4888
    5047
    4999
    5212
    5058
    5072
    5150
    5088
    4999
    5114
    5126
    5035
    5047
    5036
    5011
    5014
    5134
    5083
    5040
    5079
    5041
    5135
    5059
    5169
    5049
    5185
    5036
    5064
    5199
    5071
    5003
    4949
    5190
    5113
    4994
    4990
    5130
    5146
    4967
    5141
    4955
    5011
    5140
    5061
    5060
    5124
    5109
    5037
    5123
    4995
    4957
    5151
    4962
    5066
    5017
    5085
    5096
    5075
    5081
    5077
    5068
    5097
    5074
    5095
    5058
    5135
    4992
    5086
    4986
    4959
    5072
    5065
    5087
    5084
    5184
    5112
    5046
    5117
    4953
    4943
    5071
    5073
    5156
    4933
    5081
    5080
    5026
    5201
    5088
    5099
    4990
    4989
    5159
    5085
    5273
    5115
    4978
    5029
    4981
    5040
    5091
    4997
    5161
    5039
    4946
    5015
    5126
    5083
    4962
    5076
    4963
    5151
    5102
    5067
    5030
    5043
    5149
    5180
    5095
    5034
    5109
    5087
    5062
    5094
    5036
    5068
    5039
    5094
    5005
    5106
    5083
    5087
    5034
    5066
    5045
    5023
    5048
    5216
    5174
    5071
    5155
    5013
    4978
    4981
    5021
    5100
    5051
    5009
    5118
    4943
    5010
    5147
    5135
    5068
    5040
    5067
    5050
    5166
    4986
    5046
    5125
    5024
    5143
    5148
    4982
    5121
    5248
    5108
    5108
    5158
    5106
    5131
    5137
    5124
    5154
    5028
    5087
    5178
    5026
    4991
    4925
    5112
    5089
    5027
    5176
    5075
    5168
    5062
    5161
    5029
    5162
    5014
    5139
    5027
    5093
    5248
    5141
    4954
    5128
    5076
    5036
    5107
    4967
    5131
    5080
    5075
    5047
    5083
    5086
    4998
    5196
    5079
    5127
    5040
    5119
    5083
    5140
    5040
    5042
    5052
    5102
    4927
    5097
    5061
    5003
    5121
    5123
    5064
    5101
    4959
    5102
    5158
    5037
    5179
    5028
    5027
    5057
    5124
    5073
    5080
    5062
    5027
    5065
    5089
    5112
    5080
    5069
    5022
    5090
    5110
    5094
    5046
    5112
    5117
    5096
    5058
    5100
    5027
    5002
    5087
    5205
    5074
    5154
    5021
    5124
    5117
    5013
    5181
    4939
    5183
    5045
    4967
    5174
    5052
    5011
    5099
    5107
    5110
    5039
    5119
    5074
    5019
    5102
    5076
    5031
    5041
    5066
    5068
    5108
    5035
    5133
    5126
    5123
    5132
    5176
    5133
    5096
    5161
    5059
    5071
    4987
    5065
    5155
    5018
    5117
    5152
    5221
    5135
    5002
    5164
    5093
    5139
    5142
    5073
    5125
    5137
    5063
    5092
    5112
    5122
    5037
    4951
    5137
    5179
    5121
    5024
    5008
    5162
    5052
    5129
    4965
    5102
    5184
    4998
    5077
    5120
    5059
    5099
    5110
    5082
    5032
    4921
    5110
    5107
    5033
    5188
    5018
    5053
    5153
    5096
    5054
    5015
    4990
    5161
    4983
    5096
    5069
    5137
    5130
    5056
    5005
    4979
    5039
    5088
    5017
    5078
    5132
    5065
    4978
    5140
    5087
    5054
    4930
    5083
    5191
    5011
    5125
    5053
    5078
    4993
    4997
    5033
    5136
    5077
    5096
    5093
    4993
    5037
    5094
    5112
    5080
    5080
    5002
    5039
    4984
    5079
    5143
    5018
    5082
    4950
    5081
    5213
    5095
    5136
    5043
    5059
    4916
    4971
    5078
    5065
    5202
    4994
    5075
    5155
    5089
    5054
    5189
    5032
    4953
    5007
    5035
    5119
    5153
    5142
    5032
    5091
    5166
    5155
    5088
    5066
    4985
    5098
    4923
    5164
    5109
    5153
    5021
    5137
    5115
    5173
    4955
    4941
    5041
    5070
    5097
    5158
    4988
    5022
    4923
    4987
    5015
    5172
    5114
    5152
    5062
    5099
    5042
    5136
    5076
    5083
    5082
    5100
    5079
    5046
    5085
    5018
    4962
    5013
    5031
    5023
    5069
    5174
    5081
    5107
    5130
    5128
    4988
    5062
    5105
    4862
    5039
    4949
    5141
    4973
    5013
    5130
    5057
    5259
    5133
    5141
    5068
    5095
    4961
    5144
    5084
    5072
    5010
    5071
    4927
    5053
    5135
    5093
    5105
    5139
    5135
    5064
    5111
    5118
    5091
    4995
    4995
    5110
    5059
    5035
    5032
    5006
    5109
    5133
    5016
    5118
    5110
    5071
    5068
    5028
    5003
    5109
    5070
    5053
    5127
    5125
    4925
    4992
    5065
    5095
    5015
    5051
    5079
    5153
    5059
    5061
    5043
    4962
    5053
    5174
    5074
    5102
    5215
    4987
    5026
    5067
    5001
    5069
    5108
    5005
    5222
    5130
    5195
    4992
    5078
    5113
    5077
    5001
    5072
    5174
    5105
    5064
    5157
    5042
    5144
    5085
    5003
    5110
    5180
    5129
    5050
    5083
    5089
    5210
    5135
    5170
    5061
    5078
    5092
    5132
    4982
    5053
    5040
    5065
    5162
    5180
    4961
    4995
    5118
    5084
    5015
    5044
    5113
    5016
    5017
    4987
    5143
    5028
    4986
    5131
    5034
    5133
    4970
    5031
    5103
    5191
    5047
    5056
    5001
    5034
    5059
    5088
    5083
    5100
    5086
    5109
    5067
    5051
    5091
    5061
    5136
    5220
    5229
    5042
    4978
    5120
    5092
    5037
    5028
    5044
    5030
    5097
    5068
    5035
    5065
    5123
    5030
    5085
    5043
    5041
    5121
    4986
    5064
    5216
    5053
    5082
    5048
    5029
    5207
    5189
    5133
    5087
    5062
    5095
    5047
    4953
    5068
    5037
    4946
    5065
    5232
    5003
    5000
    5093
    5032
    5133
    5069
    5161
    5142
    5020
    5044
    5037
    5041
    5028
    5050
    5062
    5095
    5080
    4885
    5138
    5023
    5159
    5071
    5070
    5209
    5254
    5148
    5113
    5069
    5068
    4986
    5231
    5055
    5085
    5090
    4977
    5036
    4983
    5075
    5116
    5064
    5101
    5194
    5035
    5112
    5109
    5143
    5107
    5018
    4988
    5049
    5052
    5087
    5186
    5016
    5067
    5036
    5208
    5126
    4924
    5067
    4979
    5095
    5119
    5038
    5121
    5044
    5106
    5052
    5165
    5088
    5112
    5038
    5079
    4932
    5059
    5206
    5097
    5068
    5132
    5047
    5159
    5167
    5116
    5100
    5154
    4961
    5045
    5160
    5094
    5112
    4935
    4986
    5166
    5174
    5004
    4996
    5088
    5124
    5181
    5018
    5034
    5060
    5086
    5073
    4982
    5088
    5099
    5203
    4970
    5109
    4997
    5082
    5017
    5101
    5126
    5034
    5178
    5180
    5011
    5014
    5069
    4980
    5002
    5246
    5095
    5067
    5258
    5007
    5135
    5100
    5096
    5117
    5036
    5159
    5095
    5056
    5178
    5011
    5057
    5068
    4971
    5043
    5047
    5091
    5082
    5146
    4981
    5049
    5025
    5064
    5071
    5016
    5103
    5095
    5081
    5067
    4971
    5105
    5018
    4992
    5207
    5018
    5124
    5097
    5057
    5045
    5132
    5072
    4945
    5160
    5063
    5052
    4975
    5197
    5015
    4962
    5130
    5160
    5082
    5140
    5062
    5160
    5000
    5079
    5110
    5069
    5054
    5118
    5083
    5165
    5165
    5120
    4983
    4929
    5015
    5110
    5073
    4987
    5039
    5043
    5065
    4993
    5066
    5095
    5194
    5044
    5028
    5165
    5039
    5083
    5118
    5019
    5031
    4996
    5063
    5091
    4966
    5091
    5009
    5174
    5111
    5199
    5116
    5197
    4942
    5150
    5112
    5025
    5225
    5043
    4944
    5068
    5132
    5174
    5138
    5099
    5034
    5120
    5134
    5237
    4921
    5116
    5091
    5093
    5086
    5003
    5056
    5037
    5076
    5175
    5029
    5175
    5119
    5045
    4975
    5012
    4976
    5019
    5018
    5047
    5103
    5026
    5005
    4999
    5126
    5222
    5185
    5136
    5115
    5148
    5084
    5023
    5044
    5247
    5001
    5045
    5051
    5166
    5046
    5077
    5022
    5072
    5051
    5138
    5188
    5131
    5165
    5048
    5045
    5086
    5030
    5119
    5164
    5040
    5132
    4998
    5090
    4914
    5080
    5099
    5100
    5056
    5104
    5129
    5078
    5117
    5080
    5080
    5106
    5107
    5109
    5008
    4987
    5177
    5098
    5123
    5078
    5063
    5047
    5084
    5165
    5034
    5188
    5104
    5028
    5070
    5174
    5183
    5081
    5098
    4994
    5042
    5117
    5088
    5115
    4992
    5078
    5061
    5061
    5046
    5154
    5106
    5153
    5108
    5065
    5168
    5070
    5061
    5021
    5111
    5085
    5050
    5017
    5112
    5094
    5047
    5188
    5128
    5049
    5055
    5091
    5074
    5080
    5065
    5077
    4950
    4985
    4984
    5078
    5032
    5044
    5102
    5147
    4969
    5081
    4994
    4921
    4991
    5083
    5020
    5052
    5083
    4930
    4967
    5129
    5244
    5015
    5048
    5104
    5135
    5182
    5088
    5171
    5091
    5031
    5137
    5091
    5060
    5065
    5112
    5014
    4951
    5206
    5129
    5110
    5136
    5105
    5016
    5064
    5052
    5066
    5141
    5107
    5031
    5059
    5082
    5081
    5035
    5051
    5125
    5051
    5108
    5122
    5042
    5062
    5092
    5047
    5028
    5037
    5087
    5096
    5058
    5000
    5114
    5108
    5083
    5075
    5033
    5044
    5116
    5031
    5090
    4911
    5086
    5122
    5073
    5116
    4990
    5100
    5059
    5071
    5126
    5078
    5097
    5108
    5083
    5004
    5164
    5010
    5066
    5006
    4952
    5134
    5100
    4876
    4974
    5026
    5060
    5082
    5127
    5084
    5026
    5144
    5029
    5102
    5074
    5196
    5115
    5184
    5044
    5083
    5114
    5048
    5100
    5094
    5137
    5125
    5077
    5075
    5016
    5064
    5159
    5099
    5115
    5148
    5135
    5138
    5012
    5008
    5101
    5066
    5111
    5122
    5204
    5023
    4999
    5142
    5099
    5154
    5105
    5017
    5084
    5030
    5079
    5112
    4996
    5026
    5082
    5031
    5018
    5016
    5083
    5193
    4977
    5087
    5067
    4998
    4956
    5137
    5096
    5051
    4985
    5117
    5028
    5090
    5139
    5056
    5120
    5056
    5204
    4979
    5103
    5085
    5065
    5017
    5236
    5137
    5089
    5171
    5055
    5008
    5102
    5165
    4990
    5066
    5055
    5248
    5111
    4968
    5093
    5098
    5101
    4993
    5140
    4986
    5121
    5135
    5020
    5103
    5165
    5129
    5062
    5086
    5033
    5105
    5105
    5104
    5236
    5060
    5094
    5057
    5077
    5051
    4921
    5087
    5162
    5016
    5009
    5170
    5010
    5083
    5023
    5159
    4929
    5095
    5012
    5118
    5131
    5060
    5079
    5173
    5081
    5030
    5006
    5007
    5082
    5164
    5199
    5062
    5068
    5018
    5094
    5145
    5100
    5050
    5104
    5107
    5042
    5080
    5064
    5066
    5014
    5146
    4980
    5085
    5042
    5038
    5085
    5094
    5083
    5137
    5086
    5152
    5019
    5017
    5064
    5005
    5091
    5136
    5017
    5073
    5143
    5133
    5086
    5022
    5039
    5079
    5140
    5115
    5004
    5035
    5104
    5030
    5038
    5084
    5134
    5059
    5175
    5042
    5055
    5205
    5198
    5267
    5232
    5067
    5001
    5165
    5115
    5078
    5012
    5128
    5060
    5063
    5062
    4940
    5118
    5141
    5111
    5062
    5092
    5078
    5006
    5081
    5055
    5065
    5019
    5064
    5135
    4969
    5045
    5164
    5074
    5118
    5010
    5035
    5017
    5067
    5065
    5215
    5032
    4977
    5170
    5145
    5145
    5082
    5033
    5125
    5143
    5127
    4973
    5130
    5103
    5125
    5067
    5109
    5048
    5132
    5142
    5221
    4985
    5276
    5074
    5049
    5177
    5074
    5045
    5113
    5145
    5093
    5068
    5069
    5042
    5086
    5071
    5046
    5050
    5181
    5093
    5143
    5136
    5095
    5115
    5030
    5083
    5013
    5058
    5049
    5142
    5126
    5028
    5068
    5061
    4969
    5051
    5041
    4999
    4983
    5095
    5040
    5104
    4908
    4994
    5081
    5020
    5229
    5070
    4904
    5092
    5058
    5040
    5148
    5041
    5141
    4983
    5009
    5049
    5115
    5088
    5052
    5054
    4861
    5077
    5048
    5035
    5122
    5121
    5059
    5115
    5161
    5010
    5054
    5041
    5003
    5142
    5140
    5030
    5039
    4985
    5059
    5068
    5147
    5088
    5145
    5124
    5103
    5062
    5086
    5007
    5102
    5075
    5193
    5179
    5073
    5027
    5025
    5119
    5057
    5133
    5092
    5104
    5055
    5026
    5013
    5085
    5121
    5057
    5076
    5066
    5042
    5097
    5105
    5034
    5097
    5044
    5163
    5124
    5060
    4976
    5106
    5013
    5094
    4990
    5080
    5099
    5050
    5105
    5059
    5057
    5057
    5056
    5019
    5003
    4987
    5203
    5008
    5125
    5056
    5012
    5209
    5020
    4981
    4994
    5019
    5050
    4985
    5012
    5120
    5036
    4946
    5134
    5087
    5042
    5142
    5040
    4977
    5114
    5195
    5098
    5061
    5076
    5090
    5141
    5046
    5091
    5142
    5100
    5057
    5147
    5069
    5014
    5112
    5047
    5046
    5031
    5123
    5149
    5003
    5126
    5108
    5180
    5097
    4998
    5119
    5070
    5027
    5023
    5074
    5061
    5014
    5169
    5038
    5104
    5030
    5123
    5075
    5045
    5056
    4945
    4963
    5174
    5063
    5150
    5107
    5028
    5053
    5123
    5040
    5095
    4971
    4996
    5102
    5051
    5044
    5027
    5077
    5009
    5062
    5111
    5007
    5133
    5162
    5124
    5104
    5093
    5000
    4976
    5074
    5104
    5078
    5083
    5095
    5004
    4935
    5066
    5121
    5113
    4981
    5132
    5012
    5086
    5072
    5026
    5079
    5050
    5092
    5091
    4997
    5164
    5018
    5142
    5082
    5103
    4956
    5068
    5015
    5069
    5173
    5085
    4963
    5101
    5104
    5116
    5031
    5054
    5160
    5048
    5075
    5099
    5029
    5105
    5120
    4995
    5099
    5154
    5055
    5081
    5008
    5061
    5118
    5098
    5068
    5094
    5163
    5020
    5169
    4988
    5087
    5011
    5018
    5141
    5039
    5118
    4972
    5050
    5234
    5215
    5052
    5030
    5212
    5085
    5007
    5084
    5069
    5144
    4975
    5155
    5026
    5189
    5167
    5150
    5212
    5050
    5140
    5109
    5148
    5077
    4959
    4937
    5085
    5084
    5035
    5145
    5060
    5135
    5121
    5047
    5146
    5074
    5064
    5075
    5137
    5193
    5124
    5165
    5153
    5067
    5049
    5078
    4951
    5058
    4991
    5061
    4994
    5083
    4967
    5062
    5009
    5125
    5103
    4984
    5023
    5043
    4960
    5114
    5085
    5061
    5062
    5100
    5063
    4962
    5051
    4985
    5077
    5063
    5117
    5099
    5128
    5110
    5131
    5071
    5047
    5084
    5043
    5032
    5130
    4965
    5153
    5111
    5122
    5097
    5177
    5173
    5008
    5185
    4987
    5059
    5127
    5117
    4982
    5084
    5080
    5057
    4936
    5065
    5045
    5110
    5065
    5124
    4948
    5109
    5055
    5043
    5082
    5043
    4986
    5139
    5038
    5024
    5034
    4937
    5067
    5058
    5184
    5085
    5154
    5036
    4995
    5075
    5105
    5075
    4965
    5114
    5169
    5144
    5112
    5095
    4978
    5190
    5075
    5146
    5075
    5010
    5077
    5187
    5011
    5055
    4991
    5198
    5089
    5138
    4992
    5056
    5100
    5161
    5122
    4998
    5018
    5026
    5015
    5155
    5074
    5125
    5089
    5136
    5118
    5169
    5041
    5069
    5102
    5102
    5028
    5091
    5058
    5088
    5069
    5115
    5095
    5022
    5157
    5083
    5034
    5084
    5119
    5095
    5115
    4982
    5048
    5142
    5055
    4981
    5080
    5161
    5053
    5081
    5190
    5109
    5128
    5082
    5053
    5107
    5089
    5027
    5131
    5074
    5142
    5064
    4988
    5120
    5052
    5056
    5095
    5153
    5065
    4995
    5143
    4967
    5034
    5149
    5118
    5019
    5075
    5041
    5083
    5022
    5006
    5111
    5003
    5064
    5031
    5088
    5122
    4987
    5013
    5107
    5121
    5098
    5164
    5012
    5160
    5109
    5112
    5124
    5074
    5072
    5094
    5145
    5034
    5089
    5149
    5049
    5091
    5196
    5122
    5055
    5086
    5044
    4979
    5137
    5104
    4931
    5148
    5089
    5014
    5070
    5135
    5045
    5002
    4992
    5179
    5193
    5003
    5124
    5115
    5169
    5113
    5041
    5180
    5259
    5168
    5098
    5039
    5097
    5151
    4981
    5074
    5188
    5141
    5069
    4985
    5034
    4982
    5193
    5031
    5064
    5056
    5065
    5142
    5115
    5015
    5118
    5024
    5151
    5147
    5219
    4978
    5085
    4992
    5185
    5053
    5076
    5064
    5072
    5105
    5032
    5074
    5061
    5036
    5114
    5156
    4983
    5037
    5006
    5152
    5025
    5161
    5062
    5153
    5094
    5021
    5141
    5178
    5071
    4981
    5018
    5111
    5017
    5083
    5063
    5151
    5038
    5143
    4980
    5071
    5026
    5039
    5127
    5069
    4973
    5094
    4985
    5093
    5075
    5009
    5061
    4925
    5171
    5033
    5138
    5133
    5091
    5102
    5009
    5152
    5153
    5207
    5100
    5076
    5083
    5174
    5114
    5018
    5167
    5167
    5014
    4976
    5202
    5120
    5066
    5135
    5179
    5050
    5052
    5088
    5131
    5021
    4987
    4997
    5085
    5116
    5083
    5078
    5151
    5100
    5099
    4998
    5087
    5105
    5129
    5051
    5116
    5145
    5052
    5041
    5053
    5000
    4929
    5084
    5121
    5063
    5130
    5118
    5062
    5052
    5152
    5113
    5027
    5119
    5089
    5064
    5095
    5132
    5128
    5113
    5069
    5112
    5092
    5199
    5072
    4993
    5086
    5119
    5206
    5174
    5094
    5081
    4972
    5083
    5087
    5072
    5044
    5130
    5158
    4949
    5094
    5078
    5092
    5084
    5050
    5035
    5132
    5119
    5128
    4966
    5090
    5159
    5120
    5005
    5031
    5019
    4961
    5103
    5087
    5061
    5034
    5095
    5013
    5105
    5098
    5026
    5079
    5115
    5118
    5145
    5128
    5175
    5036
    5106
    5069
    5174
    5062
    5103
    5042
    5195
    5013
    5079
    5143
    5019
    5047
    5077
    5102
    5016
    5132
    5071
    5027
    5111
    5094
    5170
    4946
    5072
    5098
    5043
    5086
    5131
    4951
    5062
    5066
    5106
    5008
    5059
    5108
    5092
    5031
    5155
    5028
    5015
    5218
    5119
    5066
    5207
    5145
    5134
    4969
    5066
    5172
    5088
    5061
    5167
    5067
    5048
    5062
    5021
    4958
    5101
    5175
    5038
    5077
    5041
    5115
    5040
    5100
    5075
    5139
    5027
    5160
    5007
    5067
    4984
    5106
    5078
    5075
    5010
    5144
    5050
    5025
    5122
    5138
    4916
    5001
    5088
    5100
    5061
    5110
    5073
    5159
    5038
    5074
    5111
    5204
    5146
    5042
    4942
    5182
    5095
    4973
    5016
    4940
    5080
    5029
    5062
    5044
    5008
    4953
    5175
    5017
    5189
    5074
    5101
    4979
    5171
    5046
    5043
    5032
    5162
    5064
    5220
    5043
    4919
    4993
    5132
    5188
    5019
    5046
    4968
    5123
    5129
    5102
    4976
    5103
    5180
    5044
    5129
    5048
    5052
    5152
    4963
    5098
    5087
    5019
    5079
    5201
    4981
    5100
    5068
    5053
    5028
    4916
    5114
    5010
    5084
    5117
    5091
    5058
    5061
    4983
    5117
    5116
    5063
    4959
    4994
    4963
    5036
    5207
    5118
    5097
    5048
    5131
    5122
    4960
    5016
    5115
    5045
    5038
    5042
    5209
    5001
    5026
    5021
    5037
    5130
    5122
    5040
    5115
    5108
    5067
    4989
    5027
    5127
    5072
    5052
    5055
    5071
    5090
    5053
    5017
    5065
    5082
    5195
    5095
    5019
    4992
    5219
    4995
    4967
    5084
    5083
    5075
    5090
    5103
    5137
    5093
    5146
    5114
    5058
    5132
    4967
    5097
    5024
    5041
    5063
    4969
    4964
    5121
    5131
    4982
    5124
    5027
    5051
    5019
    5044
    5117
    4894
    5062
    5062
    5177
    5100
    5141
    5074
    5072
    4987
    5051
    5109
    5119
    5118
    4982
    5091
    5021
    5085
    5094
    5044
    5062
    5213
    4986
    5157
    5168
    5078
    5000
    5081
    5043
    5157
    5094
    5156
    5076
    5110
    5156
    5080
    5031
    5188
    5091
    5148
    5044
    4945
    4954
    5043
    5045
    5168
    5079
    5082
    4989
    5079
    5019
    5073
    4980
    5009
    5169
    5037
    5014
    4947
    5082
    5094
    4999
    5139
    5091
    5039
    5059
    4934
    5092
    5101
    5045
    5103
    5129
    5145
    5081
    5059
    5032
    5201
    4988
    4983
    5024
    5007
    5150
    5083
    4981
    5012
    4959
    5058
    4966
    5159
    5116
    5091
    5011
    5073
    5093
    5061
    5098
    5141
    5101
    5046
    4925
    5087
    5053
    5035
    5044
    5087
    5060
    5135
    5108
    5027
    5062
    5096
    5103
    5070
    5123
    5127
    5121
    5179
    5222
    5115
    4992
    5110
    5088
    5012
    5127
    5089
    5059
    5013
    5117
    5072
    5126
    5183
    5094
    5188
    5004
    4948
    5121
    5035
    5167
    5077
    4941
    5083
    5018
    4992
    4975
    5156
    5122
    5126
    5102
    5045
    5200
    4992
    5102
    5061
    5133
    5041
    5065
    5090
    5079
    5080
    5119
    5020
    5090
    4923
    5020
    4995
    5101
    5189
    5049
    5134
    5173
    5133
    5140
    5127
    4948
    5026
    5184
    5092
    5132
    5027
    5062
    5080
    5114
    5083
    5146
    4967
    5109
    5117
    5100
    4950
    5034
    4972
    5009
    5011
    5070
    5142
    5092
    5076
    5087
    5028
    5053
    5029
    5106
    5032
    4978
    5031
    5134
    5083
    4956
    5107
    5111
    5081
    4984
    5158
    5073
    5060
    5088
    5120
    5025
    5110
    5197
    5130
    5190
    5049
    5050
    5177
    5137
    5016
    5009
    5090
    5043
    5052
    5075
    5086
    5056
    5021
    5183
    5151
    5070
    5008
    5057
    4908
    5135
    5097
    5130
    5022
    5067
    5053
    5007
    4974
    5155
    5031
    5045
    5104
    5002
    5048
    5119
    5117
    5039
    5052
    5177
    5170
    5033
    5003
    5077
    4937
    5037
    5114
    5046
    5069
    5008
    5028
    5022
    5162
    5036
    5065
    5057
    5084
    5104
    5121
    5083
    4965
    5074
    5064
    5156
    5025
    5104
    5041
    4948
    5081
    5089
    5062
    5087
    5089
    5064
    5080
    5069
    5059
    5051
    5040
    5171
    5060
    5096
    5066
    4983
    5127
    5156
    4967
    5073
    5062
    5053
    5045
    5189
    5023
    5108
    5047
    5086
    5136
    5134
    5067
    5063
    5052
    5114
    5087
    4980
    5180
    5152
    5096
    5002
    5020
    4976
    5023
    4998
    5048
    5160
    5105
    5161
    5001
    5080
    5140
    5055
    5098
    5105
    5091
    5021
    5161
    5088
    5019
    5083
    5093
    5002
    5115
    5089
    5136
    5116
    5011
    5089
    5048
    5050
    4980
    5048
    5286
    5060
    5166
    5017
    5045
    5123
    5054
    5131
    5100
    5138
    5120
    5023
    5066
    5133
    5099
    5086
    5036
    5179
    5030
    5122
    4995
    5034
    5080
    5177
    4998
    5029
    5106
    5061
    5021
    5010
    5058
    5004
    5020
    5168
    5062
    5210
    5010
    5110
    5141
    5056
    5087
    4968
    5050
    4830
    5037
    5231
    5001
    5130
    5050
    4929
    5075
    5128
    5094
    5044
    5043
    5173
    5057
    5150
    5099
    5005
    5027
    5123
    5010
    4944
    5233
    5093
    5005
    5123
    5135
    5169
    5034
    5054
    5061
    5133
    5060
    5019
    5061
    5096
    5217
    5027
    5009
    5097
    5189
    5091
    5241
    5128
    5096
    5089
    5014
    5070
    5056
    5213
    5107
    5117
    5064
    4955
    5122
    4930
    5089
    5060
    5067
    4974
    5066
    5095
    5141
    5091
    5177
    5152
    5132
    4974
    5019
    5208
    5018
    5263
    5001
    5002
    4891
    5029
    5090
    5078
    5130
    5194
    5006
    5142
    5207
    5090
    5095
    5047
    5020
    5230
    5190
    5127
    5029
    5127
    4995
    4998
    5173
    5043
    5113
    5064
    5043
    5061
    5075
    5086
    4995
    5023
    5124
    5127
    5046
    5055
    5103
    5191
    4965
    5009
    5123
    5038
    5107
    5065
    5055
    5047
    5078
    5068
    5047
    5153
    5104
    5055
    5147
    5094
    5008
    4973
    5056
    5126
    5086
    5033
    5147
    4956
    5131
    5130
    5143
    5155
    5078
    5142
    5014
    5241
    5074
    5042
    5101
    5104
    5033
    5138
    5015
    4992
    5124
    5108
    5108
    5190
    5051
    4997
    4955
    5105
    5087
    5066
    4970
    5186
    5051
    4958
    5041
    5112
    5067
    5073
    5032
    5135
    5085
    5129
    5079
    5095
    5119
    5234
    5148
    5068
    5226
    5077
    5162
    5144
    5034
    5064
    5171
    5090
    5207
    5048
    5094
    5032
    5106
    5048
    5073
    5118
    5059
    4994
    5116
    5052
    5093
    5059
    5162
    5029
    5053
    5016
    5031
    5140
    5011
    5151
    5105
    5091
    5053
    5145
    5106
    5084
    5015
    5016
    5046
    5079
    5044
    4986
    5023
    5141
    5094
    4977
    5116
    5195
    5049
    5038
    5115
    5175
    5074
    5137
    5019
    5120
    5032
    5080
    5072
    4939
    5040
    5102
    5101
    5063
    5007
    5051
    5017
    5108
    5076
    5068
    5015
    5108
    5006
    5080
    5057
    5097
    5123
    5180
    5032
    5213
    5003
    5083
    5099
    5032
    5086
    5124
    5063
    5047
    5073
    5100
    4927
    5129
    5108
    5089
    4987
    5035
    5031
    5073
    5085
    5043
    5032
    5122
    5066
    5040
    5041
    5045
    5145
    5099
    5204
    5050
    5076
    5009
    5039
    5114
    5140
    5160
    5070
    5191
    5094
    5096
    5166
    5113
    5004
    4993
    5119
    5041
    4982
    5064
    5147
    4966
    5018
    4996
    5095
    5075
    5213
    5127
    5143
    5025
    4825
    4993
    5128
    5116
    5039
    5004
    5016
    5103
    5042
    5108
    5014
    5065
    4910
    5088
    5174
    5089
    5085
    5028
    4987
    4945
    4954
    5162
    5016
    5112
    5152
    4959
    5116
    5111
    5045
    5162
    5088
    5013
    5082
    5015
    5067
    5070
    5051
    5072
    4968
    5043
    5106
    5115
    5077
    5155
    5166
    5101
    5165
    5025
    5037
    5041
    5080
    5036
    5145
    5125
    5140
    5040
    5071
    5053
    5102
    4994
    5130
    5040
    5111
    5033
    5009
    5146
    5062
    4984
    5099
    5107
    5116
    5098
    5099
    5093
    5074
    4981
    5069
    5098
    5145
    4965
    5022
    5146
    5057
    4979
    5096
    5117
    4952
    5057
    5176
    4994
    5012
    5107
    4899
    5031
    5063
    5024
    4967
    5017
    5020
    5116
    5103
    5141
    4969
    5085
    4971
    5089
    5105
    5056
    5046
    5098
    5114
    5065
    5138
    5105
    5031
    4954
    5057
    5088
    5056
    5127
    5019
    5060
    5026
    4962
    5083
    5107
    5158
    5082
    5187
    5038
    5128
    5028
    5123
    5184
    5110
    5095
    5126
    5017
    5081
    5063
    5142
    5080
    5096
    5132
    5061
    5090
    5066
    5106
    5088
    5028
    5145
    5090
    5083
    5210
    5089
    5206
    5043
    5098
    5079
    5058
    5038
    4967
    5141
    5206
    5122
    5122
    4995
    5125
    5115
    5103
    5052
    5131
    5051
    5082
    5090
    5045
    5034
    5175
    5156
    5104
    5086
    5068
    5007
    5118
    5105
    5147
    5078
    5049
    5112
    5064
    5005
    5160
    5163
    5045
    5104
    5016
    5013
    5170
    5117
    5129
    5090
    4963
    5152
    5139
    5061
    4981
    4991
    5066
    5036
    5142
    5192
    5136
    5021
    5075
    5095
    5106
    5067
    4994
    5167
    5083
    5092
    5070
    5133
    5112
    5034
    5131
    5062
    5051
    5098
    5002
    5045
    5109
    4972
    5009
    5128
    5016
    5109
    5129
    5133
    5127
    5060
    4963
    5031
    4976
    5106
    4980
    4974
    5072
    5093
    5041
    5073
    5129
    5057
    4999
    5087
    5118
    4975
    5161
    5135
    5094
    5017
    5169
    5209
    5028
    5069
    4988
    4996
    5139
    5141
    5111
    5149
    5074
    5121
    5024
    5013
    5037
    5094
    5177
    5108
    5121
    5089
    5054
    5083
    5090
    5056
    5020
    5039
    5169
    5222
    5096
    4974
    5147
    5144
    5026
    5079
    5068
    5105
    5029
    5076
    5002
    5067
    5011
    4997
    5067
    5179
    5102
    4976
    4967
    5072
    5114
    5133
    5152
    5095
    5109
    5094
    5148
    4977
    5023
    5002
    4977
    5049
    5026
    5073
    5133
    5054
    5121
    5137
    5062
    5000
    5053
    4965
    5062
    5180
    5074
    5126
    5016
    5093
    5040
    5119
    5106
    5041
    5100
    5153
    5085
    4996
    5133
    5099
    5150
    5111
    5128
    5056
    5155
    5011
    5050
    5010
    5082
    4990
    4969
    5015
    5127
    5064
    5005
    5051
    5100
    5142
    5057
    5164
    5002
    5002
    4852
    4916
    5104
    5025
    5145
    5056
    5079
    5008
    5095
    5038
    5150
    5043
    5072
    5120
    4871
    5086
    5123
    5119
    5195
    4991
    5094
    5079
    5163
    5022
    5142
    5089
    5105
    4914
    5041
    5100
    5069
    5009
    5039
    5100
    5043
    5057
    5096
    5140
    5016
    5232
    5141
    5106
    5186
    5063
    5236
    4956
    4956
    4897
    5113
    5056
    5075
    4926
    5026
    5177
    5179
    5076
    4980
    5065
    5062
    5097
    5062
    5113
    5122
    5025
    5026
    5098
    4983
    5055
    5015
    5076
    5083
    4997
    5062
    5053
    5149
    5136
    5004
    4973
    5096
    5148
    5115
    5127
    5044
    5037
    5105
    5167
    4988
    4933
    4980
    5110
    5169
    4969
    5033
    5195
    5099
    5067
    5102
    5132
    4952
    5072
    5096
    5073
    5107
    5009
    4997
    5100
    5123
    5101
    5029
    5098
    5056
    5185
    5042
    5076
    5063
    5109
    4992
    5096
    5078
    5074
    5006
    5176
    5095
    5064
    5178
    5016
    5171
    5090
    4959
    5066
    5194
    5048
    5089
    5013
    5126
    4936
    5042
    5116
    5105
    5119
    4909
    5068
    5184
    5123
    5111
    5009
    5037
    4943
    5091
    5110
    5155
    5052
    5126
    5014
    4973
    5078
    4982
    5143
    5089
    5102
    5137
    5029
    4958
    5011
    5071
    4992
    5105
    5057
    5031
    4967
    5112
    5100
    5002
    5182
    5115
    4969
    5107
    5094
    5046
    5195
    5055
    4989
    5110
    5030
    5103
    5061
    5030
    5184
    5088
    5048
    5035
    5146
    5056
    5095
    5041
    5013
    5033
    5163
    5018
    5076
    4981
    5166
    5119
    5059
    5058
    5017
    5110
    5219
    5083
    5127
    5004
    5154
    5107
    5143
    5032
    5068
    5094
    5102
    5155
    5228
    5086
    5129
    5008
    5114
    5001
    5063
    5085
    5038
    5100
    4992
    5072
    4978
    5115
    5098
    5031
    5159
    5055
    5075
    5060
    5070
    5082
    5256
    5133
    5103
    5040
    5061
    5021
    5078
    5091
    5068
    5096
    5036
    5135
    5035
    5133
    5052
    5089
    4990
    4954
    5165
    5038
    5195
    4999
    5079
    5037
    5120
    4970
    5104
    5080
    5015
    5144
    5045
    5086
    5109
    5109
    5059
    5016
    5153
    5081
    5206
    5007
    5100
    4958
    5100
    5134
    5059
    5047
    5052
    5107
    5033
    5182
    5186
    5053
    5082
    5114
    5119
    5097
    4967
    4993
    5110
    5173
    5051
    5083
    5122
    5158
    5006
    4957
    5114
    5054
    5102
    4993
    5017
    5177
    5145
    5007
    5092
    5059
    5249
    5101
    5236
    4941
    5063
    5077
    5012
    5136
    5097
    4935
    5175
    5113
    5106
    5065
    5166
    4997
    5118
    5047
    5059
    5027
    5092
    5040
    5124
    5065
    5143
    5009
    5022
    5042
    5140
    4936
    5051
    5180
    5058
    5054
    5099
    5125
    4999
    5125
    4944
    5046
    5089
    5097
    5073
    5039
    5140
    5072
    5055
    4960
    5148
    5072
    4966
    5206
    5134
    5169
    5121
    4957
    5166
    5195
    5091
    5076
    5205
    5162
    5101
    5031
    5170
    4906
    5108
    5104
    5048
    5051
    5087
    5027
    5059
    5116
    5138
    5117
    5100
    5020
    5047
    5051
    5080
    5068
    5144
    5039
    5207
    5084
    5117
    5069
    5108
    5109
    5200
    5000
    5101
    5107
    5053
    5044
    5035
    4948
    5060
    4971
    5166
    5126
    5060
    5026
    5030
    5026
    5278
    5061
    4992
    5158
    5091
    5095
    5121
    5004
    4954
    5158
    5081
    5037
    4985
    5085
    5053
    5105
    5186
    5082
    5054
    5052
    5150
    5105
    5127
    5054
    5052
    5028
    4980
    5143
    4932
    5105
    5083
    5011
    5103
    5115
    5129
    5049
    5076
    5119
    4997
    5012
    4957
    5085
    5166
    4980
    5096
    5025
    5043
    5086
    5121
    5171
    5082
    5071
    5060
    5115
    5082
    5127
    5058
    5042
    5066
    4980
    5073
    5073
    5037
    4964
    5130
    5002
    5107
    5051
    5002
    5201
    5088
    5080
    5128
    5046
    5250
    5027
    4956
    5015
    5059
    5114
    5080
    5119
    5096
    5067
    5114
    5092
    5110
    5077
    5182
    5104
    5194
    5101
    4959
    5128
    5127
    5110
    5037
    5021
    5018
    5055
    5034
    5078
    5177
    5039
    5094
    5115
    5055
    4988
    5002
    5076
    5160
    5060
    5124
    5104
    4997
    4992
    5119
    5105
    5000
    5142
    5190
    5214
    5061
    5228
    5053
    5114
    5144
    5028
    5166
    5045
    5064
    4988
    5080
    5102
    4965
    4985
    5060
    5003
    5103
    5173
    5218
    5025
    5069
    4923
    5137
    4998
    5139
    5088
    5164
    5070
    5071
    5129
    5091
    5133
    5100
    5127
    4953
    5059
    5157
    5152
    4954
    5049
    5117
    4994
    5101
    5157
    5058
    5096
    4989
    5078
    5066
    5164
    5071
    5161
    5182
    5075
    4989
    5036
    5110
    5084
    4997
    5063
    5149
    5041
    5055
    5147
    5100
    5075
    5203
    5117
    5005
    5067
    5097
    5106
    5078
    5041
    5085
    5073
    5130
    5149
    5131
    5168
    5105
    5047
    5124
    5254
    5106
    5207
    5042
    5051
    5032
    5133
    5032
    5007
    5023
    5088
    5067
    5112
    5032
    5188
    5030
    5062
    5066
    5230
    5043
    5135
    5089
    5076
    5135
    5126
    5106
    5072
    5077
    5102
    5195
    5084
    5055
    5090
    5055
    5060
    5002
    5148
    5094
    5119
    5091
    5046
    4995
    5101
    5038
    4998
    4997
    5171
    4970
    5104
    5086
    5204
    5143
    5036
    5103
    5052
    5171
    4988
    5077
    5169
    4999
    5080
    4962
    4958
    5131
    5168
    5112
    5110
    5183
    5014
    5025
    5062
    5084
    5057
    5034
    5099
    5015
    5069
    5117
    5096
    5092
    5146
    5111
    5226
    5115
    5014
    5179
    5054
    5037
    5173
    5091
    4972
    5143
    5150
    5124
    5128
    5045
    5081
    5082
    5172
    4999
    5115
    5084
    5001
    5155
    4965
    5087
    5064
    5163
    5024
    5038
    5049
    5109
    5104
    5045
    5045
    5061
    5113
    5122
    5110
    5125
    5142
    5031
    5205
    5000
    5075
    5153
    5071
    5006
    5173
    4991
    5169
    5095
    5099
    5102
    5104
    5113
    5128
    4924
    5122
    5031
    4959
    5136
    5146
    5174
    5001
    5115
    5035
    5051
    5099
    5067
    5072
    5112
    4967
    5064
    5045
    4942
    5107
    5175
    5126
    5100
    5072
    4993
    5069
    5171
    5141
    5062
    5223
    5134
    5037
    5060
    5027
    5088
    5041
    5057
    5106
    5034
    5084
    5175
    5108
    5163
    5086
    5167
    5017
    5119
    5122
    5036
    5082
    5084
    5102
    5135
    5103
    5050
    4992
    4992
    5177
    5002
    5105
    4955
    5080
    5052
    5100
    5038
    5139
    5064
    5031
    5078
    5043
    5246
    5011
    5071
    5024
    5113
    5219
    5162
    5105
    5137
    5112
    5037
    5055
    5061
    5153
    5002
    5156
    5118
    5097
    5154
    5133
    5119
    5001
    5101
    5058
    5118
    5059
    5030
    5162
    5132
    5040
    5049
    5077
    5061
    5128
    5151
    5059
    5197
    5095
    5089
    5140
    5094
    5091
    5068
    5198
    5101
    5206
    5094
    5174
    5011
    5092
    5234
    5155
    5029
    5110
    4995
    5031
    5128
    5018
    5110
    4974
    5116
    5030
    5057
    5083
    5007
    5082
    5069
    5173
    5034
    5031
    5119
    5040
    5138
    5166
    5027
    5085
    5051
    5077
    5099
    5011
    5156
    5008
    5110
    5062
    5050
    5109
    5070
    5072
    5053
    5136
    5021
    5216
    5014
    5071
    5131
    5179
    5203
    5088
    5001
    5080
    4885
    5016
    5109
    5201
    5002
    5060
    5103
    5029
    5079
    5120
    5036
    5024
    5060
    5157
    5190
    5015
    4964
    5020
    4995
    5184
    4985
    4924
    5020
    5042
    5002
    5139
    5123
    5132
    5157
    5110
    5064
    4988
    5123
    5093
    5048
    5117
    5043
    4972
    5094
    5076
    5105
    5112
    5048
    5001
    5068
    5116
    5045
    5176
    5074
    5006
    5043
    5096
    5076
    5056
    5121
    5183
    5089
    5071
    4961
    5043
    5099
    5067
    5037
    5121
    5191
    4984
    4989
    5105
    5073
    5181
    5044
    5116
    5091
    5126
    5055
    5072
    5111
    5064
    5022
    4985
    5082
    5102
    4972
    4978
    5083
    5124
    5061
    5102
    5065
    5089
    5087
    5122
    5196
    4991
    5038
    5123
    5040
    5097
    5022
    5090
    5124
    4955
    5107
    5059
    5100
    5177
    5300
    5080
    5095
    5084
    5077
    5097
    5010
    5007
    5046
    5114
    5151
    5072
    5113
    5139
    5087
    5177
    5055
    5027
    5088
    5078
    5100
    5096
    5040
    5196
    5062
    5028
    5036
    5263
    5151
    5045
    5159
    5021
    5024
    5152
    5210
    5111
    5097
    5098
    5137
    5113
    5049
    5017
    5075
    5026
    5027
    5045
    5105
    5091
    5031
    5040
    5138
    5062
    5021
    5093
    5128
    5097
    5094
    5156
    5163
    5068
    5027
    5040
    5133
    5137
    5076
    5088
    5001
    4981
    5004
    5107
    5110
    5039
    5137
    4980
    5058
    5006
    5004
    5118
    5109
    5117
    5055
    5171
    5062
    5070
    5046
    4914
    5028
    5071
    5153
    5124
    5111
    5175
    5257
    5103
    5116
    5068
    5067
    5082
    5060
    5068
    5003
