    2000
    2094
    2173
    2129
    2223
    2110
    2064
    2122
    2098
    2198
    2043
    2017
    2132
    2103
    2040
    2109
    2083
    2049
    2052
    2140
    2099
    2148
    2095
    2068
    2048
    2175
    2106
    2149
    2042
    2186
    2113
    2161
    2137
    2156
    2066
    2155
    2043
    2147
    2083
    2058
    2151
    2091
    2106
    2059
    2009
    2119
    2008
    2185
    2131
    2116
    1983
    2068
    2102
    2105
    2133
    2127
    2105
    2071
    2124
    2022
    2174
    2109
    2209
    2096
    2101
    2053
    2097
    2034
    2123
    2088
    2140
    1980
    2224
    2040
    2028
    2084
    2075
    2139
    2116
    2139
    2027
    2139
    2107
    2092
    2210
    2073
    2165
    2092
    2106
    2017
    2122
    2127
    2018
    2026
    2115
    2110
    2059
    2071
    2200
    2179
    2040
    2001
    2105
    2050
    2033
    2148
    2140
    2123
    2049
    2131
    2072
    2086
    2053
    2096
    2091
    2075
    2076
    2138
    2119
    2041
    2284
    2054
    2119
    2112
    2040
    2061
    2138
    1971
    2118
    2174
    2113
    2090
    2230
    2192
    2098
    2119
    2028
    2168
    2127
    2052
    1949
    2136
    2099
    2073
    2121
    2075
    2079
    2055
    2128
    2154
    2093
    2134
    2114
    2013
    2130
    2056
    2133
    2112
    2181
    2084
    2235
    2178
    2054
    2089
    2151
    2076
    2032
    2089
    2043
    2130
    2109
    2108
    2191
    2093
    2094
    1995
    1999
    2022
    2056
    2172
    2083
    2077
    2114
    2118
    2138
    2114
    2097
    2049
    2076
    2045
    2170
    2125
    2184
    2155
    2171
    2083
    2083
    2024
    2154
    2156
    2083
    2127
    2065
    2126
    2096
    2169
    2098
    2095
    2160
    2133
    2093
    2079
    2077
    2118
    2065
    2088
    2144
    2128
    2121
    2138
    2119
    2146
    2060
    2182
    2126
    2153
    2083
    2180
    2064
    2125
    2127
    2121
    2107
    2013
    2119
    2081
    2083
    2153
    2185
    2053
    2091
    2046
    2116
    2129
    2120
    2141
    2167
    2096
    2211
    2085
    2196
    2140
    2111
    2191
    2117
    2166
    2091
    2127
    2120
    2037
    2123
    2077
    2170
    2188
    2089
    2014
    2121
    2086
    2082
    2070
    2080
    2133
    2158
    2123
    2115
    2125
    2108
    2136
    2034
    2077
    2113
    2208
    2038
    2109
    2094
    2093
    2101
    2085
    2095
    1994
    2092
    2072
    1996
    2115
    2035
    2066
    2133
    2169
    2039
    2134
    2116
    2189
    2136
    2167
    2128
    2046
    2097
    2128
    2106
    2088
    2160
    2020
    2060
    2060
    2111
    2094
    2089
    2051
    1959
    2163
    2104
    2079
    2089
    2102
    2110
    2101
    2117
    2100
    2204
    2116
    2070
    2087
    2118
    2098
    2206
    2032
    2136
    2121
    1970
    2090
    2017
    2112
    2085
    2006
    2046
    2024
    2081
    2039
    2162
    2007
    2113
    2040
    2210
    2136
    2052
    2075
    2044
    2172
    2099
    2169
    2112
    2058
    2052
    2085
    2227
    2017
    2026
    2050
    2132
    2086
    2125
    2021
    2103
    2126
    2071
    2121
    2180
    2096
    2221
    2133
    2149
    2158
    2094
    2117
    1983
    2077
    2022
    2137
    2107
    2134
    2106
    2174
    2054
    2207
    2078
    2165
    2238
    2037
    1993
    2054
    2217
    2180
    2113
    2006
    2088
    2090
    2082
    2106
    2022
    2139
    2088
    2075
    2106
    2096
    2064
    2113
    2149
    2050
    2166
    2129
    2182
    2069
    2010
    2113
    2127
    2029
    2057
    2055
    2177
    2120
    1999
    2028
    2028
    2195
    2122
    1992
    2074
    2139
    2143
    2041
    2048
    2099
    2115
    2107
    2023
    2217
    2138
    2107
    2003
    2248
    2049
    2098
    2157
    2140
    2114
    2057
    2140
    2093
    2080
    2073
    2094
    2096
    2202
    2178
    2184
    2058
    2022
    2109
    2144
    2082
    2093
    2134
    2104
    2102
    2058
    2119
    2027
    2042
    2073
    2084
    2101
    2076
    2129
    2070
    2109
    2128
    2020
    2089
    2083
    2071
    2193
    2092
    2119
    2108
    2115
    2114
    1983
    2115
    2108
    2116
    2103
    2103
    2211
    2073
    2147
    2089
    2086
    2057
    2149
    2123
    2146
    2107
    2042
    2120
    2066
    2091
    2046
    2122
    2075
    2012
    2066
    2089
    1928
    2081
    2116
    2085
    2072
    2081
    2194
    2138
    2110
    2095
    2173
    2145
    2135
    2078
    2093
    2128
    2113
    2147
    2045
    2106
    2113
    2079
    2096
    2146
    2209
    1980
    2079
    2175
    2171
    2023
    2055
    2124
    2106
    2252
    2082
    2049
    2128
    2163
    2126
    2124
    1937
    2101
    2123
    2143
    2139
    2049
    2132
    2130
    2105
    2174
    2081
    2196
    2154
    2018
    2109
    2024
    2161
    2079
    2040
    2145
    2159
    2116
    2115
    2150
    2169
    2083
    2030
    2098
    2091
    2142
    2048
    2040
    2181
    2168
    1987
    2101
    2119
    2143
    2174
    2143
    2159
    2198
    2187
    2113
    2082
    2106
    2112
    2053
    2132
    2062
    2090
    2151
    2089
    2029
    2145
    2032
    2215
    2102
    2187
    2120
    2217
    2060
    1997
    2155
    2177
    2087
    2177
    2180
    1999
    2125
    2070
    2115
    2098
    2045
    2074
    2151
    2052
    2112
    2121
    2148
    2058
    2071
    2073
    2142
    2182
    2078
    2186
    2060
    2132
    2088
    2189
    2222
    2185
    2143
    2050
    2109
    2134
    2199
    2098
    2083
    2078
    2116
    2225
    2250
    2110
    2135
    2061
    2057
    2046
    2140
    2075
    2041
    2101
    2143
    2103
    2047
    2226
    2041
    2116
    2092
    2038
    2178
    2141
    2036
    2056
    2065
    2159
    2065
    2067
    2085
    2050
    2153
    2056
    2148
    2185
    2132
    2029
    2155
    2148
    2100
    2061
    2168
    2224
    2147
    2158
    2171
    2023
    2157
    2020
    2028
    2088
    2075
    2137
    2016
    2070
    2123
    2088
    2076
    2128
    2126
    2212
    2068
    2142
    2099
    2219
    2087
    2050
    2007
    2053
    2124
    2196
    2093
    2107
    2097
    2041
    2063
    2225
    2159
    2041
    2072
    2057
    2118
    2057
    2095
    2143
    2113
    2064
    2216
    2136
    2095
    2195
    2084
    2027
    2061
    2067
    2126
    2130
    2124
    2000
    2137
    2119
    2012
    2059
    2086
    2102
    2082
    2104
    2081
    2176
    2129
    2128
    2001
    2058
    2120
    2114
    2096
    2126
    2171
    2168
    2150
    2138
    2101
    2141
    2043
    2046
    2085
    2109
    2092
    2040
    2107
    2070
    2092
    2068
    2176
    2088
    2049
    2052
    2121
    2187
    2084
    2174
    2096
    2117
    2204
    2241
    2230
    2075
    1997
    2155
    2034
    2072
    2163
    2148
    2106
    2082
    2015
    2103
    2127
    2069
    2092
    2011
    2124
    2152
    2016
    2068
    2107
    2104
    2103
    2139
    2124
    2116
    2117
    2054
    2066
    2166
    2009
    2110
    1972
    2098
    2140
    2061
    2038
    2069
    1989
    2097
    2109
    2186
    2078
    2186
    2131
    2096
    2065
    2143
    2209
    2024
    2138
    2143
    2058
    2081
    2183
    2130
    2113
    2147
    2127
    2125
    2128
    2126
    2040
    2134
    2208
    2055
    2000
    2158
    2129
    2111
    2104
    2139
    2119
    2144
    2084
    2109
    2017
    2073
    2159
    2011
    2029
    2156
    2184
    2161
    2105
    2128
    2067
    2188
    2187
    2119
    2060
    2144
    2081
    2115
    2130
    2105
    2209
    2171
    2020
    2106
    2202
    2086
    2204
    2141
    2018
    2047
    2106
    2066
    2211
    2029
    2079
    2111
    2029
    2136
    2018
    2137
    2109
    2165
    2019
    2173
    2143
    2057
    2146
    2151
    2191
    2184
    2123
    2064
    2095
    2051
    2122
    2028
    2078
    2156
    2090
    2086
    2172
    2151
    2192
    2162
    2010
    2060
    2090
    2173
    2099
    2128
    2087
    2030
    1998
    2154
    2030
    2201
    2076
    2107
    1944
    2054
    2108
    2087
    2048
    2097
    2128
    2053
    2101
    2191
    2146
    2079
    2055
    2107
    2089
    2126
    2110
    2048
    2069
    2063
    2147
    2093
    2184
    2080
    2087
    2078
    2038
    2205
    2110
    2103
    2073
    2071
    2137
    2135
    2156
    2094
    2089
    2081
    2073
    2085
    2108
    2150
    2092
    2075
    2168
    2071
    2100
    2154
    2212
    2138
    2012
    2054
    2149
    2101
    2190
    2064
    2111
    2143
    1998
    2065
    2153
    2143
    2163
    2013
    2136
    2137
    2128
    2019
    2156
    1998
    2128
    2085
    2139
    2139
    2063
    2121
    2223
    2057
    1966
    2156
    1967
    2043
    2170
    2197
    2099
    2213
    2081
    2025
    2147
    2043
    2136
    2269
    2024
    2016
    2080
    2009
    2111
    2008
    2129
    2113
    2063
    2079
    2082
    2127
    1991
    2104
    2068
    2134
    2164
    2138
    2096
    2088
    2071
    2115
    2070
    2074
    2138
    2094
    2142
    2099
    2023
    2150
    2096
    2127
    2225
    2076
    2112
    2125
    2063
    2125
    2068
    2164
    2038
    2148
    2123
    2070
    2083
    2117
    2093
    2101
    2146
    2130
    2122
    2030
    2066
    2163
    2128
    2062
    2073
    2091
    2123
    2112
    2067
    2088
    2173
    2153
    2095
    2200
    2073
    2104
    2132
    2148
    2196
    2124
    2019
    1999
    2072
    2171
    2212
    2047
    2057
    2058
    2228
    2099
    2170
    2152
    2233
    2055
    2069
    2036
    2028
    2136
    2166
    2107
    2067
    2140
    2056
    2034
    2187
    2132
    2073
    2076
    2145
    2092
    2077
    2084
    2066
    2068
    2171
    2076
    2033
    2178
    2062
    2136
    2060
    2123
    2110
    2079
    2061
    2104
    2135
    2129
    2083
    2163
    2106
    2204
    2043
    1986
    2100
    2129
    2115
    2130
    2137
    2040
    2125
    2122
    2193
    2151
    2106
    2097
    1996
    2056
    2139
    2095
    2020
    2073
    2077
    2059
    2133
    2132
    2068
    2230
    2092
    2021
    2123
    2109
    2191
    2151
    1971
    2102
    2040
    2084
    2142
    2030
    2184
    2057
    2010
    2029
    2030
    2161
    2083
    2066
    2185
    2060
    2151
    2121
    2072
    2052
    2074
    2022
    2130
    2106
    2141
    2070
    2051
    2106
    2134
    2082
    2114
    2112
    2116
    2084
    2094
    2134
    2130
    1993
    2145
    2056
    2129
    2085
    2048
    2054
    2061
    2063
    2121
    2082
    2087
    2072
    2119
    2100
    2138
    2081
    2181
    2148
    2107
    2053
    2031
    2186
    2032
    2084
    2112
    2025
    2064
    2144
    2122
    2141
    2201
    2184
    2142
    2104
    2144
    2034
    2160
    2034
    2075
    2126
    2098
    2114
    2065
    2070
    2087
    2100
    2093
    2126
    2090
    2053
    2067
    2143
    2069
    2136
    1982
    2214
    2065
    2051
    2079
    2246
    2036
    2118
    1988
    2094
    2071
    2139
    2153
    1973
    2089
    2130
    2054
    2145
    2162
    2123
    2013
    2140
    2035
    2140
    2089
    2205
    2113
    2120
    2056
    2098
    2107
    2231
    2092
    2017
    2117
    2075
    2099
    2136
    2042
    2190
    2103
    2148
    2016
    2110
    2099
    2170
    2052
    2153
    2026
    2083
    2133
    2104
    2087
    2181
    2138
    2064
    2102
    2054
    2139
    2154
    2096
    2081
    2063
    2114
    2153
    2108
    2016
    2096
    2082
    2087
    2183
    2202
    2091
    2067
    2067
    2041
    2078
    2131
    2011
    2110
    2106
    2190
    2037
    2100
    2130
    2174
    2131
    2073
    2073
    2063
    2017
    2192
    2119
    2106
    2036
    2097
    1997
    2069
    2134
    2160
    2225
    2063
    2136
    2074
    2058
    2104
    2123
    2157
    2084
    2042
    2159
    2102
    2009
    2050
    2146
    2175
    2108
    2125
    2148
    2090
    2047
    2127
    2057
    2080
    2106
    2092
    2108
    2089
    2095
    2111
    2134
    2098
    2066
    2133
    2188
    2150
    2081
    2130
    2213
    2075
    2059
    2135
    2038
    2125
    2103
    2125
    2112
    2109
    2106
    2121
    2051
    2096
    2185
    2111
    2152
    2108
    2114
    2043
    1995
    2235
    2180
    2102
    2077
    2109
    2129
    2157
    1976
    2112
    2097
    2146
    2070
    2037
    2083
    2095
    2134
    2052
    2133
    2027
    2124
    2104
    2125
    2132
    2120
    2130
    2090
    2149
    2102
    2068
    2090
    2095
    2127
    2180
    2091
    2078
    2108
    2102
    2103
    2178
    2136
    2176
    1941
    2065
    2054
    2057
    2199
    2132
    2095
    2140
    2066
    2193
    2167
    2103
    2039
    2130
    2044
    2101
    2129
    2159
    2102
    2050
    2023
    2163
    2043
    2024
    2081
    2095
    2007
    2234
    2142
    2025
    2197
    2190
    2182
    2020
    1973
    2189
    2106
    2168
    2166
    2076
    2112
    2123
    2091
    2148
    2042
    2088
    2143
    2132
    2057
    2069
    2092
    2115
    2100
    2106
    2092
    2086
    2218
    2166
    2068
    2180
    2170
    2178
    2124
    2083
    2042
    2162
    2094
    2107
    2109
    2102
    2065
    2156
    2215
    2202
    2016
    2093
    2154
    2076
    2077
    2075
    2079
    2216
    2052
    2225
    2136
    2143
    2164
    1971
    2019
    2051
    1981
    2167
    2085
    2007
    2062
    2094
    2125
    2092
    2171
    2040
    2140
    2205
    2182
    2070
    2032
    2047
    2168
    2127
    2166
    2073
    2102
    2069
    2131
    2139
    2082
    2119
    2117
    2165
    1972
    2029
    2097
    2057
    2062
    2121
    2113
    2084
    2033
    2094
    2176
    2051
    2050
    2118
    2164
    2158
    2146
    2078
    2170
    2168
    2149
    2129
    2203
    2193
    2147
    2109
    2110
    2154
    2195
    2097
    2215
    2140
    2068
    2114
    2141
    2067
    2158
    2101
    2135
    2109
    1919
    2117
    2214
    2067
    2126
    2172
    2139
    2164
    2139
    2218
    2177
    2079
    2078
    2157
    2147
    2232
    2098
    2122
    2158
    2201
    2116
    2091
    2145
    1986
    2044
    2149
    2136
    2135
    2108
    2046
    2026
    2133
    2126
    2071
    2219
    2181
    2096
    2026
    2069
    2137
    2081
    2077
    2111
    2041
    2083
    2149
    2050
    2069
    2064
    2156
    2077
    2124
    2090
    2116
    2072
    2061
    2064
    2191
    2103
    2139
    2182
    2055
    2205
    2122
    2137
    2215
    2113
    2136
    2159
    2050
    2160
    2007
    2167
    2140
    2039
    2003
    2157
    1986
    2139
    2086
    2079
    2123
    2066
    2119
    2200
    2099
    2144
    2099
    2043
    2160
    2157
    2032
    2026
    2056
    2210
    2232
    2037
    2141
    2103
    2081
    2082
    2068
    2082
    2084
    2040
    2071
    1994
    2103
    2110
    2069
    2064
    2098
    2088
    2198
    2093
    2100
    2118
    2036
    2177
    2092
    2162
    1998
    2069
    2141
    1994
    2169
    2075
    2137
    1974
    2057
    2099
    2125
    2026
    2114
    2111
    2084
    2044
    2176
    2087
    2039
    2133
    2017
    2153
    2002
    2155
    2184
    2081
    2137
    2046
    2120
    1947
    2078
    2216
    2202
    2164
    2170
    2152
    1942
    1934
    2080
    2048
    2072
    2020
    2130
    2138
    2124
    2191
    2011
    1972
    2226
    2132
    2096
    2116
    2084
    2059
    2174
    2025
    2168
    2055
    2095
    2108
    2222
    2059
    2232
    2171
    2044
    2086
    2195
    2127
    2160
    2203
    2057
    2062
    2156
    2090
    2088
    2186
    2107
    2215
    2061
    2119
    2124
    2106
    1985
    2106
    2101
    2126
    2150
    2099
    2190
    1983
    2098
    2108
    2136
    2132
    2155
    2099
    2077
    2191
    2156
    2115
    2117
    1967
    2021
    2101
    2218
    2160
    2145
    2169
    2108
    2139
    2086
    2184
    2186
    2159
    2149
    2105
    2090
    2136
    2093
    2000
    2155
    2225
    2063
    2128
    2021
    2064
    2060
    2146
    2145
    2143
    2056
    2112
    2056
    2054
    2184
    2187
    2043
    2078
    2012
    2104
    2189
    2021
    2093
    2150
    2064
    2009
    2049
    2118
    2166
    2103
    2194
    2126
    2150
    2139
    2118
    2080
    2110
    2064
    2082
    2034
    2097
    2053
    2085
    2048
    2041
    2064
    2129
    2226
    2110
    2083
    2096
    2008
    2099
    2084
    2087
    2091
    2047
    2108
    2123
    2076
    2082
    2043
    2082
    2029
    2163
    2042
    2065
    2116
    2055
    2113
    2230
    2062
    2124
    2059
    2163
    2109
    2062
    2032
    2062
    2154
    2135
    2097
    2090
    2057
    2134
    2142
    2141
    2106
    2027
    2178
    2151
    2078
    2040
    2071
    2111
    2081
    2123
    2065
    2064
    2148
    2043
    2120
    2026
    2102
    2052
    2136
    2148
    2142
    2116
    2078
    2217
    2153
    2037
    2088
    2138
    2109
    2115
    2174
    2116
    2163
    2120
    2051
    2068
    2106
    2076
    1976
    2061
    2145
    2132
    2176
    2024
    2133
    2074
    2070
    2126
    2217
    2105
    2186
    2176
    2199
    2067
    2132
    2155
    2103
    2058
    2169
    2106
    2133
    2149
    2075
    2059
    2135
    2185
    2143
    2066
    2166
    2019
    2084
    2194
    2130
    2156
    2031
    2131
    2129
    2184
    2058
    2187
    2149
    2131
    2121
    2180
    2107
    2163
    2108
    2212
    2075
    2145
    2106
    2117
    2186
    2097
    2140
    2081
    2154
    2173
    2151
    2080
    2152
    2109
    2065
    2165
    2185
    2085
    2177
    2164
    2110
    2075
    2148
    2094
    2081
    2217
    2122
    2036
    2061
    2111
    2042
    2115
    2066
    2125
    2078
    2099
    2050
    2162
    2142
    2117
    2065
    2068
    2030
    2054
    2075
    2020
    2122
    2138
    2160
    2138
    2123
    2050
    2125
    2120
    2090
    2090
    2045
    2005
    2114
    2106
    2040
    2216
    2062
    2046
    2035
    2130
    2155
    2070
    2107
    2186
    2009
    2071
    2105
    2135
    2107
    2095
    2119
    2108
    2095
    2112
    2157
    2118
    2059
    2077
    2154
    2131
    2179
    2133
    2134
    2015
    2155
    2147
    2169
    2132
    2088
    2137
    2130
    2030
    2118
    2116
    2106
    1992
    2196
    2099
    1991
    2039
    2109
    2135
    2083
    2138
    2108
    2090
    2089
    2203
    2063
    2066
    2064
    2185
    2120
    2038
    2008
    2215
    2151
    2056
    2144
    2113
    2086
    2128
    2112
    2061
    2059
    2103
    2083
    2021
    2172
    2124
    2137
    2234
    2077
    2170
    2136
    2056
    2109
    2120
    2085
    2124
    2071
    2172
    2181
    2109
    2119
    2112
    2017
    2119
    2167
    2033
    2065
    2136
    2100
    2103
    2065
    2050
    2097
    2041
    2109
    2092
    2085
    2096
    2111
    2176
    2085
    2296
    2090
    2183
    2059
    2080
    2089
    2127
    2040
    2135
    2055
    2108
    2091
    2116
    2135
    2106
    2187
    2132
    2079
    2090
    2083
    2109
    2059
    2168
    2076
    2147
    2077
    2073
    2091
    2047
    2098
    2124
    2116
    2197
    2097
    2069
    2149
    2139
    2124
    2116
    2088
    2074
    2075
    2143
    2125
    2103
    2142
    2115
    2121
    2119
    2151
    1994
    2119
    2083
    2087
    2188
    2160
    2006
    2142
    2074
    2034
    2094
    1985
    2019
    2106
    2093
    2138
    2104
    2048
    2102
    2100
    2161
    2160
    2097
    2093
    2155
    2031
    2004
    2121
    2057
    2149
    2021
    2125
    2188
    2093
    2123
    2157
    2068
    2043
    2095
    2093
    2202
    2192
    2115
    2102
    2118
    2101
    2186
    2179
    2084
    2003
    2052
    2123
    2159
    2069
    2112
    2144
    1987
    2143
    2180
    2202
    2136
    2158
    2123
    2096
    2060
    2125
    2040
    2132
    2084
    2095
    2025
    2048
    2085
    2182
    2181
    2210
    2156
    2206
    2160
    2100
    2058
    2102
    2170
    2129
    2050
    2095
    2167
    2052
    2111
    2145
    2105
    2082
    2198
    2049
    2113
    2102
    2060
    2078
    2105
    2031
    2123
    2118
    2040
    2158
    2080
    2100
    2036
    2012
    2156
    2157
    2092
    2058
    2028
    2042
    2067
    2049
    2067
    2083
    2013
    2091
    2096
    2059
    2176
    2142
    2164
    2174
    2074
    2049
    2129
    2147
    2073
    2133
    2140
    2102
    2132
    2095
    2110
    2083
    2121
    2107
    2145
    2042
    2029
    2170
    2098
    2060
    2137
    2140
    2102
    2090
    2041
    2071
    2046
    2125
    2196
    2061
    2102
    2094
    2114
    2138
    2106
    2184
    2122
    2092
    2058
    2043
    2047
    1994
    2060
    2127
    2021
    2087
    2172
    2156
    2053
    2162
    2118
    2089
    2143
    2077
    1983
    2053
    2169
    2136
    2067
    2219
    2227
    2129
    2106
    2149
    2102
    2114
    2094
    2119
    2099
    2006
    2060
    2033
    2171
    2209
    2022
    2186
    2059
    2079
    2087
    2139
    2144
    2012
    2114
    2089
    2080
    2174
    2097
    1977
    2081
    2168
    2108
    2084
    2055
    2046
    2168
    2105
    2060
    2110
    2136
    2129
    2176
    2055
    1978
    2205
    1993
    2118
    2052
    2089
    2027
    2092
    2202
    2138
    2042
    2139
    2136
    2189
    1988
    2172
    2100
    2132
    2097
    2095
    2128
    2136
    2133
    2171
    2127
    2047
    2024
    2143
    2046
    2072
    2091
    2099
    1997
    2103
    2088
    2062
    2167
    2110
    2112
    2054
    2189
    2071
    2147
    2071
    2109
    2107
    2022
    2173
    2092
    2079
    2091
    2098
    2153
    2163
    2052
    2144
    2136
    2063
    2071
    2138
    2024
    1954
    2208
    2148
    2141
    2142
    2053
    2074
    2227
    2171
    2142
    2120
    2072
    2213
    2130
    2085
    2228
    2069
    2120
    2066
    2069
    2081
    2147
    2132
    2138
    2138
    2060
    2134
    2158
    2051
    2060
    2156
    2139
    2028
    2097
    2132
    2094
    2075
    2100
    2115
    2045
    2100
    2055
    2118
    2048
    2104
    2094
    2099
    2120
    2081
    2195
    2072
    2123
    2173
    2055
    2064
    2068
    2151
    2123
    2194
    2104
    2135
    2150
    2104
    2092
    2194
    2012
    2047
    2064
    2161
    2144
    2111
    2087
    2055
    2117
    2081
    2130
    2061
    2163
    2119
    2111
    2147
    2088
    2133
    2144
    2159
    2146
    2101
    2109
    2154
    2103
    1996
    2043
    2096
    2102
    2107
    2134
    2156
    2085
    2117
    2108
    2167
    2067
    2192
    2078
    2101
    2135
    2050
    2085
    2099
    1997
    2054
    2070
    2256
    2113
    2101
    2095
    2121
    2052
    2100
    2132
    2071
    2009
    2087
    2097
    2183
    2205
    2076
    2081
    2109
    2208
    2051
    2103
    2027
    2150
    2191
    2062
    2062
    2091
    2109
    2060
    2082
    2068
    1993
    2098
    2127
    2123
    2156
    2201
    2023
    2088
    2232
    2084
    2151
    2097
    2073
    2085
    2119
    2226
    2118
    2142
    2175
    2164
    2136
    2094
    2105
    2107
    2044
    2097
    2129
    2067
    2099
    2085
    2089
    2044
    2188
    2092
    2095
    2179
    2169
    2135
    2183
    2130
    2118
    2055
    2150
    2105
    2093
    2132
    2178
    2136
    2103
    2053
    2139
    2056
    2086
    2114
    2109
    2088
    2150
    2075
    2183
    2084
    2085
    2106
    2057
    2188
    2127
    2127
    2106
    2093
    2236
    2079
    2150
    2013
    2030
    2134
    2171
    2127
    2032
    2029
    2084
    2130
    2075
    2075
    2132
    2034
    2136
    2115
    2091
    2144
    2109
    2078
    2069
    2154
    2176
    2103
    2087
    2070
    2039
    2242
    2090
    2090
    2175
    2168
    2156
    2011
    2075
    2048
    2100
    2234
    2150
    2221
    2147
    2086
    2104
    2153
    2093
    2049
    2109
    2123
    2060
    2058
    2107
    2148
    2161
    2110
    2067
    2043
    2114
    2044
    2051
    2144
    2030
    2099
    2039
    2008
    2171
    2057
    2134
    2057
    2121
    2143
    2165
    2183
    2087
    2070
    2143
    2116
    2056
    2105
    2051
    2023
    2134
    2013
    2112
    2039
    2094
    2037
    2021
    2119
    2184
    2121
    2019
    2151
    2096
    1989
    2095
    2080
    2014
    2077
    2127
    2126
    2130
    2153
    2170
    2211
    2124
    2095
    2155
    2074
    2135
    2140
    2135
    2068
    2162
    2118
    2145
    2062
    2172
    2139
    2067
    2155
    2160
    2103
    2145
    2118
    2162
    2012
    2155
    2098
    2083
    2075
    1996
    2071
    2070
    2139
    2178
    2100
    2111
    2158
    2077
    2180
    2105
    2115
    2064
    2128
    2109
    2133
    2058
    2166
    2136
    2081
    2133
    1978
    2050
    2171
    2093
    2169
    2176
    2066
    2177
    2068
    2056
    2063
    2087
    2017
    2135
    2118
    2103
    2171
    2113
    2136
    2105
    2174
    2041
    2128
    2216
    2147
    2104
    2026
    2157
    2082
    2048
    2118
    2137
    2051
    2078
    1980
    2101
    2141
    2187
    2066
    2003
    2069
    2146
    2074
    2122
    2134
    2094
    2183
    2120
    2217
    2031
    2066
    2045
    2080
    2066
    2182
    2081
    2065
    2173
    2102
    2156
    1944
    2076
    2132
    2091
    2088
    2199
    2070
    2085
    2130
    2098
    2035
    2200
    2075
    2190
    2189
    2078
    2150
    2096
    1989
    2246
    2176
    2061
    2057
    2163
    2115
    2110
    2060
    2127
    2096
    2091
    2142
    2019
    2059
    2107
    2052
    2077
    2079
    2082
    2164
    2221
    2041
    2112
    2046
    2192
    2238
    2124
    2140
    2088
    2080
    2190
    2051
    2157
    2127
    2054
    2155
    2045
    2082
    2188
    2240
    2145
    2062
    2031
    2170
    2162
    2036
    2072
    2136
    2032
    2152
    2090
    2126
    2116
    2084
    2101
    2121
    2119
    2102
    2057
    1996
    2063
    2127
    2106
    2130
    2036
    2154
    2173
    2216
    2076
    2168
    2160
    2094
    2088
    2168
    2178
    2198
    2006
    2129
    2141
    2064
    2088
    2091
    2060
    2032
    2099
    2173
    2082
    2080
    2201
    2112
    2103
    2195
    2154
    2068
    2084
    2103
    2110
    2006
    2017
    2035
    2090
    2151
    2035
    2163
    1990
    2042
    2067
    2057
    2140
    2115
    2174
    2162
    2084
    2148
    1961
    2101
    2146
    2108
    2205
    2080
    2080
    2183
    2133
    2111
    2105
    2077
    2052
    2134
    2121
    2139
    2114
    2252
    2105
    2208
    2137
    2101
    2157
    2073
    1954
    2051
    2152
    2102
    2109
    2097
    2135
    2171
    2196
    2031
    2152
    2058
    2136
    2126
    2079
    2125
    2089
    2118
    1977
    2255
    2138
    2104
    2191
    2072
    2133
    2155
    2059
    1948
    2117
    2177
    2195
    2082
    2050
    2102
    2141
    2085
    1974
    2182
    2122
    2104
    2173
    2097
    2117
    2129
    2102
    2101
    2082
    2241
    2057
    2213
    2098
    2051
    2028
    2028
    2003
    2090
    2145
    2081
    2105
    2054
    2126
    2162
    2109
    2111
    2099
    2148
    2086
    2055
    2029
    2097
    2167
    2028
    2107
    2254
    2133
    2100
    2117
    2091
    2122
    2052
    2128
    2086
    2089
    2090
    2110
    2056
    2112
    2037
    2087
    2110
    2112
    2133
    2126
    2020
    2111
    2164
    2236
    2043
    2085
    2121
    2084
    2101
    2065
    2121
    2056
    2109
    2121
    2104
    2108
    2210
    2008
    2121
    2177
    2141
    2205
    2149
    2107
    2132
    2154
    2009
    2080
    2092
    2090
    2116
    2086
    2149
    2021
    2063
    2087
    2111
    2092
    2069
    2097
    2141
    2124
    2157
    2135
    2057
    2101
    2144
    2091
    2050
    2086
    2142
    2163
    2004
    2174
    2101
    2104
    2156
    2180
    2121
    2140
    2086
    2143
    2069
    2128
    2037
    2101
    2111
    2148
    2048
    2056
    2046
    2086
    2108
    1993
    2149
    2183
    2169
    2169
    2109
    2074
    2106
    2061
    2094
    2084
    2138
    2168
    2050
    2102
    2056
    2119
    2039
    2066
    2062
    2018
    2126
    2091
    2114
    2192
    2150
    2048
    2048
    2202
    2174
    2141
    2227
    2013
    2089
    2123
    2094
    2153
    2095
    2042
    2145
    2120
    2048
    2120
    2091
    2094
    2072
    2203
    2116
    2155
    2225
    2032
    2180
    2143
    2101
    2094
    2041
    2074
    2181
    2158
    2037
    2111
    2037
    1968
    2105
    2121
    2106
    2208
    2121
    2071
    2122
    2126
    2093
    2162
    2047
    2090
    2241
    2095
    2106
    2118
    2013
    2090
    2012
    2090
    2125
    2045
    2029
    2074
    2064
    2049
    2120
    2188
    2150
    2126
    2085
    2197
    2164
    2089
    2014
    2042
    2086
    2076
    2263
    2081
    2129
    2154
    2100
    2129
    2161
    2115
    2144
    2131
    2064
    2132
    2065
    1995
    2133
    2189
    2145
    2036
    2118
    2045
    2165
    2170
    2058
    2196
    2126
    2057
    2038
    2130
    2098
    2103
    1938
    2131
    2076
    2018
    2116
    2051
    2040
    2037
    2126
    2125
    1953
    2027
    2110
    2127
    2063
    2159
    2174
    2112
    2174
    2114
    2114
    2042
    2102
    2111
    2158
    2169
    2155
    2101
    2082
    2091
    2118
    2133
    2097
    2058
    2122
    1980
    2150
    2096
    2046
    2090
    2130
    2084
    2189
    2134
    2092
    2146
    2085
    2101
    2040
    2118
    2124
    2164
    2062
    2153
    2158
    2063
    2146
    2104
    2077
    2114
    2073
    2112
    2059
    2061
    2109
    2145
    2047
    2068
    2069
    2046
    2152
    2072
    2128
    2155
    2196
    2121
    2140
    2079
    1959
    2093
    2055
    2134
    2056
    2158
    2237
    2082
    2060
    2172
    2159
    2127
    2147
    2114
    2154
    2128
    2174
    2122
    2109
    2205
    2099
    2192
    2182
    2107
    2049
    2061
    2025
    2011
    2057
    2087
    2079
    2088
    2140
    2199
    2057
    2074
    2088
    2087
    2052
    1993
    2134
    2052
    2164
    2125
    2106
    2152
    2088
    2120
    2102
    2088
    2096
    2148
    2180
    2068
    2187
    2065
    2056
    2138
    2174
    2121
    2071
    2127
    2095
    2142
    1990
    1946
    2087
    2155
    2108
    2116
    2109
    2126
    2164
    2043
    2026
    2042
    2113
    2096
    2119
    2083
    2177
    2154
    2111
    2208
    2171
    2107
    2157
    2047
    2137
    2082
    2100
    2061
    2104
    2112
    2121
    2090
    2041
    2054
    2096
    2137
    2157
    2202
    2155
    2154
    2081
    2113
    2205
    2279
    2022
    2021
    2261
    2258
    2038
    2139
    2165
    2082
    2092
    2087
    2208
    2044
    2129
    2085
    2103
    2080
    2121
    2094
    2049
    2213
    2255
    2126
    2100
    2011
    2102
    2105
    2064
    2191
    2070
    2137
    2107
    2152
    2133
    2093
    2110
    2093
    2146
    2159
    2148
    2082
    2197
    2093
    2036
    2064
    2104
    2080
    2098
    2098
    2045
    2177
    1986
    1962
    2146
    2137
    2060
    2031
    2059
    2176
    2143
    2088
    2107
    2117
    2111
    2055
    2101
    2169
    2129
    2038
    2117
    2086
    2143
    2190
    2089
    2111
    2152
    2170
    2053
    2101
    2078
    2100
    2151
    2052
    2026
    2069
    2201
    2055
    2097
    2126
    2158
    2177
    2038
    2108
    2053
    2094
    2092
    2040
    2085
    2059
    2155
    2121
    2121
    2094
    2085
    2171
    2117
    2043
    2083
    2101
    2136
    2097
    2052
    2152
    2108
    2114
    2018
    2101
    2107
    2153
    2048
    2159
    2125
    2181
    2139
    2119
    2101
    2062
    2037
    2130
    2170
    2150
    2115
    2075
    2018
    2073
    2034
    2076
    2076
    2125
    2134
    2120
    2188
    2159
    2169
    2101
    2174
    2112
    2122
    2127
    2082
    2134
    2108
    2052
    2072
    2171
    2024
    2146
    2157
    2062
    2226
    2134
    1985
    2093
    2013
    2139
    2005
    2109
    2163
    2052
    2096
    2074
    2086
    2138
    2172
    2159
    2194
    2080
    2098
    2101
    2069
    2035
    2064
    2049
    2138
    2075
    2086
    2087
    2202
    2189
    2081
    2195
    2204
    2097
    2082
    2028
    2084
    2118
    2178
    2143
    2117
    2032
    2029
    2022
    2073
    2102
    2105
    2225
    2033
    2007
    2119
    2128
    2161
    2093
    2072
    1980
    2115
    2180
    2089
    2143
    2107
    2102
    2039
    2126
    1956
    2144
    2115
    2208
    2100
    1954
    2104
    2105
    2046
    2109
    2060
    2166
    2095
    2134
    2205
    2157
    1995
    2128
    2136
    2099
    2101
    2117
    2162
    2097
    2081
    2079
    2099
    2112
    2075
    2097
    2042
    2047
    2163
    2101
    2125
    2148
    2080
    2033
    2175
    2067
    2071
    2169
    2064
    2162
    2179
    2144
    2093
    2131
    2095
    2197
    2122
    2101
    2108
    2133
    2100
    2095
    2210
    2085
    2142
    2175
    2076
    2263
    2140
    2097
    2142
    2084
    2105
    2208
    2060
    2112
    2144
    2149
    2058
    2051
    2099
    2144
    2054
    2066
    2215
    2156
    2072
    2069
    2127
    2032
    2112
    2122
    2094
    2123
    2150
    2138
    2086
    2031
    2135
    2131
    2101
    2109
    2166
    2105
    2049
    2144
    2240
    2103
    2111
    2065
    2138
    2131
    2087
    2184
    2108
    2092
    2146
    2095
    1994
    2041
    2040
    2058
    2026
    2087
    2121
    2185
    2074
    2148
    2084
    2104
    2047
    2072
    2114
    2121
    2150
    2126
    2228
    2063
    2073
    2053
    2150
    2115
    2080
    2081
    2061
    2024
    2087
    2122
    2050
    2093
    2040
    2174
    2184
    2070
    2062
    2050
    2154
    2186
    2077
    2148
    2120
    2073
    2021
    2138
    2077
    2138
    2049
    2101
    2039
    2185
    2125
    2068
    2151
    2106
    2130
    2025
    2143
    2110
    2066
    2070
    2102
    2151
    2112
    2022
    2076
    2067
    2049
    2217
    2039
    2143
    2182
    2092
    2111
    2101
    2169
    2009
    2139
    2130
    2105
    2045
    2135
    2101
    2112
    2143
    2166
    2131
    2092
    2004
    2141
    2016
    1997
    2157
    2087
    2184
    2118
    2093
    1972
    2132
    2097
    2098
    2153
    2164
    2099
    2143
    2001
    2149
    2081
    2108
    2047
    2093
    2084
    2071
    2139
    2081
    2037
    2161
    2105
    2091
    2093
    2106
    2076
    2091
    2086
    2095
    2085
    2223
    2163
    2056
    2110
    2052
    1995
    2199
    2043
    2196
    2087
    2266
    2121
    2144
    2074
    2094
    2125
    2134
    2212
    2233
    2083
    2030
    2115
    2073
    2141
    1943
    2144
    2087
    2160
    2185
    2098
    2204
    2196
    2122
    2046
    2072
    2113
    2183
    2107
    2127
    2139
    1988
    2072
    2056
    2120
    2136
    2077
    2066
    2077
    2136
    2082
    2130
    2104
    2073
    2091
    2053
    2073
    2087
    1990
    2120
    2163
    2049
    2120
    2105
    2064
    2086
    2085
    1997
    1976
    2158
    2022
    2126
    2109
    2067
    2135
    2141
    2119
    2166
    2013
    2173
    2208
    2070
    2012
    2067
    2111
    2150
    2128
    2100
    2041
    2127
    2117
    2126
    2146
    2116
    2120
    2086
    2111
    2179
    2024
    2171
    2110
    2056
    2151
    2145
    2079
    2078
    2144
    2096
    2109
    2086
    2130
    2144
    2043
    2172
    2163
    2142
    2067
    2133
    2167
    2134
    2072
    2102
    2125
    2131
    2007
    2114
    2034
    2148
    2134
    2032
    2204
    1972
    2128
    2050
    2069
    2091
    2101
    2165
    2035
    2047
    2059
    2091
    2201
    1978
    2193
    2126
    2133
    2127
    2109
    2154
    2043
    2063
    2075
    2090
    2061
    2149
    2186
    2151
    2114
    2067
    2095
    2105
    2081
    2001
    2153
    2056
    2043
    2097
    2063
    2152
    2080
    2198
    2168
    2123
    2177
    2191
    2132
    2117
    2020
    2091
    2101
    2092
    2027
    2037
    2092
    2193
    2180
    2142
    2116
    2034
    2040
    2130
    2075
    2035
    2063
    2097
    2058
    2111
    2146
    2128
    2016
    2094
    2077
    2168
    2077
    2080
    2154
    2047
    2109
    2139
    2152
    2194
    2073
    2040
    2135
    2138
    2123
    2152
    2104
    2141
    2035
    2120
    2037
    2103
    2078
    2098
    2219
    2109
    2082
    2092
    2138
    2103
    2012
    2101
    2113
    2191
    2067
    2093
    2103
    2117
    2144
    2064
    2064
    2126
    2113
    2104
    2028
    2095
    2119
    1961
    2036
    2217
    2050
    2168
    2088
    2200
    2204
    2137
    2130
    2050
    2097
    2079
    2249
    2111
    2061
    2105
    2198
    2134
    2068
    2143
    2030
    2207
    2170
    2074
    2186
    2197
    2126
    2041
    2178
    2056
    2163
    2131
    2045
    2098
    2151
    1982
    2124
    2121
    2110
    2103
    2113
    2118
    2149
    2167
    2065
    2122
    2198
    1986
    2203
    2111
    2115
    2070
    2098
    2146
    2101
    2069
    2107
    2229
    2077
    2120
    2078
    2029
    2087
    2102
    2153
    2089
    2222
    2080
    2121
    1992
    2067
    2089
    2098
    2037
    2118
    2116
    2114
    2034
    2098
    2127
    2076
    2211
    2114
    2171
    2173
    2132
    2137
    2138
    2124
    2122
    2153
    2103
    2189
    2111
    2152
    2002
    2120
    2102
    2175
    2111
    2158
    1994
    2053
    2091
    2103
    2110
    2109
    2082
    2151
    2149
    2136
    2177
    2030
    2083
    2085
    2115
    2121
    2073
    1997
    2119
    2184
    2068
    1939
    2038
    2100
    2078
    2112
    2133
    2162
    2149
    2129
    2112
    2178
    2087
    2078
    2122
    2144
    2181
    2067
    2063
    2198
    2005
    2112
    2174
    2079
    2148
    2043
    2098
    2110
    2036
    2141
    2184
    2067
    2144
    2203
    2101
    2112
    2064
    2121
    2065
    2168
    2052
    1950
    2083
    1992
    2138
    2126
    2135
    2094
    2189
    2121
    2090
    2075
    2021
    2077
    2034
    2128
    2156
    2169
    2125
    2125
    2094
    2089
    2027
    2178
    2041
    2091
    2108
    2049
    2152
    2188
    2131
    1959
    2110
    2098
    2163
    2089
    2133
    2187
    1996
    2076
    2175
    2252
    2064
    2024
    2080
    2125
    2130
    2100
    2055
    2224
    2094
    2081
    2113
    2154
    2209
    2070
    2068
    2124
    2173
    2123
    2063
    2167
    2094
    2204
    1966
    2210
    2020
    2066
    2156
    2066
    1987
    2124
    2144
    2018
    1951
    2189
    2154
    2154
    2093
    2188
    2110
    2070
    2108
    2030
    2049
    2142
    2097
    2102
    2175
    2009
    2087
    2071
    2209
    2101
    2125
    2012
    2148
    2003
    2117
    1990
    2029
    2077
    1982
    2139
    2195
    2120
    2124
    2061
    2069
    2083
    2012
    2003
    2080
    2053
    2054
    2129
    2145
    2192
    2095
    2112
    2067
    2049
    2144
    2218
    2096
    2116
    2029
    2058
    2066
    2134
    2106
    2138
    2113
    2128
    2061
    2071
    2170
    2013
    2133
    2129
    2140
    2054
    2029
    2150
    2075
    2167
    2137
    2098
    2148
    2089
    2086
    2081
    2070
    2094
    2123
    1995
    1990
    2178
    2105
    2048
    2148
    2228
    2156
    2080
    1954
    2113
    2148
    2016
    2045
    2011
    2079
    2113
    2063
    1993
    2044
    2098
    2128
    2074
    2008
    2055
    2086
    2137
    2040
    2089
    2158
    2131
    2061
    2142
    2142
    2146
    2069
    2174
    2139
    2175
    2120
    2197
    2113
    2109
    2114
    2088
    2104
    2106
    2119
    2207
    2092
    2114
    2052
    2068
    2131
    2171
    2053
    2120
    2078
    2098
    2074
    2148
    2136
    2003
    1990
    2084
    2073
    2029
    2221
    2139
    2134
    2060
    2078
    2226
    2178
    2209
    2030
    1988
    2085
    2077
    2055
    2158
    2126
    2102
    2034
    2051
    2141
    2101
    2198
    2087
    2107
    1995
    2154
    2120
    2072
    2116
    1990
    2028
    2088
    2171
    2141
    2142
    2057
    2172
    2178
    2080
    2156
    2079
    2183
    2058
    2168
    2133
    2114
    2169
    2060
    2201
    2052
    2091
    2157
    2080
    2141
    1999
    2102
    2081
    2042
    2098
    2106
    2168
    2143
    2225
    2010
    2089
    2084
    2080
    2098
    2023
    2016
    2120
    2154
    2181
    2112
    2000
    2137
    2130
    2026
    2134
    2034
    2258
    2005
    2110
    2076
    2100
    2149
    2119
    2086
    2117
    2139
    2154
    2046
    2148
    2038
    2036
    2107
    2137
    2182
    2084
    1998
    2054
    2115
    2072
    2034
    2157
    2158
    2174
    2161
    2109
    2156
    2017
    2115
    2140
    2108
    2124
    2011
    2087
    2054
    2162
    2153
    2161
    2097
    2047
    2105
    2112
    2045
    2162
    2141
    2106
    2102
    2079
    2089
    2170
    1985
    2175
    2086
    2216
    2259
    2076
    2191
    2114
    2076
    2162
    2090
    2177
    2134
    2116
    2117
    2092
    2052
    2153
    2036
    2240
    2157
    2006
    2102
    2148
    2082
    2073
    2075
    2088
    2091
    2059
    2150
    2133
    2099
    2091
    2129
    2046
    2149
    2112
    2061
    2110
    2056
    2054
    2103
    2001
    2217
    1996
    2111
    2212
    2081
    2036
    2107
    2044
    2169
    2195
    2063
    2167
    2107
    2199
    2114
    2102
    2125
    2124
    2104
    2086
    2190
    2127
    2100
    2209
    2189
    2051
    2110
    2120
    2051
    2002
    2162
    2046
    2144
    2161
    2087
    2204
    2046
    2075
    2117
    2138
    2090
    2137
    2129
    2079
    2050
    2142
    2095
    2104
    2128
    2162
    2134
    2064
    2072
    2092
    2188
    2114
    2045
    2096
    2139
    2109
    2143
    2057
    2051
    2044
    2026
    2122
    2074
    2128
    2014
    2089
    2149
    2113
    2147
    2065
    2082
    2050
    2013
    2125
    2167
    2141
    2122
    2144
    2086
    1998
    2008
    1990
    2169
    2121
    2139
    2000
    2026
    2154
    2042
    2120
    2176
    2141
    2081
    2089
    2072
    2130
    2032
    2094
    2071
    2054
    2046
    2080
    2192
    2072
    2108
    2109
    2151
    2114
    2056
    2106
    2192
    2115
    2086
    2107
    2032
    2124
    2114
    2156
    2035
    2046
    2094
    2177
    2057
    2118
    2176
    2095
    2069
    2070
    2044
    2088
    2238
    2076
    2153
    2037
    2126
    2070
    2051
    2156
    2057
    2075
    2039
    2071
    2106
    2063
    2051
    2055
    2172
    2138
    2084
    2129
    2099
    2041
    2043
    2173
    2219
    2064
    2174
    2087
    2199
    2120
    2131
    2097
    2089
    2011
    2129
    2085
    2119
    2137
    2080
    2026
    2099
    2085
    2172
    2044
    2062
    1985
    2058
    2038
    2212
    2144
    2137
    2199
    2119
    2133
    2101
    2080
    2098
    2029
    2122
    2166
    2126
    2110
    2080
    2013
    2062
    2157
    2074
    2092
    2102
    2065
    2065
    2194
    2153
    2122
    2190
    2062
    2178
    2177
    2116
    2241
    2083
    2121
    2086
    2071
    2149
    2173
    2106
    2079
    2116
    2243
    2135
    2121
    2196
    2124
    2087
    2039
    2075
    2166
    2156
    2087
    2122
    2086
    2175
    2105
    2017
    2090
    2182
    1987
    2046
    2085
    2143
    2132
    2147
    2082
    2100
    2158
    2024
    2088
    2150
    2132
    2093
    2111
    2145
    2002
    2177
    2051
    2214
    2083
    2167
    2123
    2046
    2121
    2133
    2056
    2091
    1992
    2128
    2170
    2128
    2146
    2060
    2039
    2126
    1974
    2142
    2113
    2140
    2071
    2073
    2175
    2070
    2050
    2157
    1973
    1951
    2118
    2097
    2027
    2077
    2014
    2082
    2124
    2108
    2005
    2123
    2117
    2157
    2130
    2059
    2043
    2082
    2080
    2138
    2156
    2108
    2207
    2045
    2124
    2083
    2189
    2023
    2072
    2078
    2122
    2168
    2090
    2093
    2048
    1960
    2212
    2143
    2165
    1991
    2133
    2148
    2159
    2000
    2078
    2151
    2119
    2069
    2012
    2064
    2049
    2050
    2086
    2095
    2099
    2133
    2138
    2119
    2133
    2041
    2172
    2174
    2004
    2109
    2148
    2162
    2238
    2216
    2145
    2024
    2104
    2152
    2123
    2131
    1997
    2084
    2128
    1984
    2118
    2058
    2131
    2111
    2147
    2093
    2036
    2099
    2077
    2030
    2127
    2116
    2006
    2009
    2051
    2086
    2144
    2084
    2154
    2102
    2141
    2114
    2145
    2079
    2066
    2069
    2062
    2069
    2025
    2057
    2153
    2057
    2065
    2103
    2168
    2132
    2148
    2104
    1996
    2116
    2089
    2060
    2104
    2038
    2182
    2087
    2182
    2078
    2064
    2140
    2194
    2093
    2126
    2033
    2123
    2158
    2120
    2112
    2143
    2187
    2068
    2093
    2118
    2182
    2154
    2121
    2083
    2153
    2061
    2110
    2198
    2023
    2151
    2186
    2126
    2186
    2050
    2147
    2163
    2143
    2133
    2039
    2135
    2143
    2065
    2043
    2154
    2082
    2193
    2052
    2140
    2140
    2113
    2031
    2112
    2178
    2144
    2109
    2116
    2146
    2002
    2150
    2099
    2208
    2105
    2159
    1987
    2137
    2146
    2145
    2094
    2013
    2153
    2124
    2189
    2070
    2027
    2199
    2112
    2020
    2076
    2216
    2155
    2142
    2171
    1991
    2188
    2127
    2071
    2017
    2109
    2100
    2109
    2122
    2090
    2065
    2159
    2095
    2131
    2105
    2139
    2087
    2000
    2022
    2053
    2023
    2165
    2055
    2009
    2122
    2137
    2124
    2083
    2128
    2102
    2137
    2139
    2178
    2132
    2173
    2141
    2036
    2120
    2071
    2099
    2063
    2103
    2100
    2098
    2099
    2096
    2080
    2137
    2092
    2111
    2033
    2150
    2054
    2087
    2069
    2123
    2092
    2128
    2106
    2114
    2127
    2145
    1980
    2232
    2037
    2115
    2080
    2145
    2048
    2067
    2114
    2072
    2118
    2221
    2058
    2083
    2133
    2055
    2058
    2049
    2177
    2185
    2048
    2012
    2170
    2127
    2109
    2164
    2074
    2184
    2065
    2094
    2128
    2094
    2056
    2138
    2106
    2169
    2123
    2156
    2234
    2005
    2054
    2121
    2226
    2097
    2102
    2139
    2123
    2022
    2186
    2191
    2079
    2148
    2082
    2070
    2085
    2017
    2189
    2159
    2085
    2103
    2209
    2088
    2165
    2102
    2062
    2104
    2015
    2023
    2041
    2076
    2020
    1969
    2143
    2100
    2080
    2069
    2076
    2058
    2090
    2204
    2095
    2202
    2069
    2170
    2025
    2147
    2021
    2031
    2223
    2158
    2093
    2098
    2246
    2060
    2060
    2232
    2013
    2114
    1995
    2081
    2078
    1996
    2120
    2074
    2123
    2045
    2092
    2138
    2118
    1959
    2061
    2114
    2121
    2078
    2123
    2112
    2160
    2085
    2029
    2010
    2094
    2129
    2115
    2167
    2220
    2149
    2110
    2279
    2006
    2117
    2151
    2044
    2114
    2145
    2144
    2105
    2102
    2078
    1952
    2160
    2014
    2129
    2151
    2146
    2164
    2091
    2295
    2081
    2135
    2174
    2223
    2083
    2109
    2147
    2088
    2146
    2034
    2067
    2073
    2161
    2023
    2087
    2126
    2076
    2086
    2127
    2139
    2104
    2146
    2105
    2211
    2055
    2187
    2203
    2083
    2084
    1953
    2095
    2046
    2040
    2023
    2167
    2242
    2084
    2026
    2129
    2117
    2109
    2154
    2059
    2168
    2150
    2086
    2187
    2111
    2194
    2083
    2142
    2054
    2118
    2185
    2058
    2182
    2042
    2081
    2232
    2106
    2100
    2123
    2122
    2070
    2151
    2043
    2136
    2063
    2059
    2127
    2118
    2048
    2100
    2143
    2200
    2058
    2115
    2068
    2190
    2064
    2110
    2039
    2025
    2167
    2242
    2136
    2110
    2141
    2081
    2220
    2187
    2033
    2108
    2101
    2043
    2065
    2072
    2060
    2142
    2124
    2148
    2074
    2077
    2090
    2113
    2007
    2029
    2022
    2124
    2082
    2053
    2208
    2136
    2152
    2105
    1998
    2065
    2057
    2100
    2092
    1998
    2154
    2064
    2150
    2107
    2025
    2108
    2018
    2127
    2057
    1958
    2021
    2092
    2199
    2023
    2143
    2098
    2096
    2069
    2057
    2116
    2016
    2025
    2149
    2342
    2152
    2059
    2123
    2123
    2070
    2050
    2066
    2023
    2208
    2125
    2201
    2138
    2065
    2169
    2106
    2035
    2032
    2096
    2087
    2102
    2091
    2146
    2129
    2107
    2090
    2078
    2107
    2073
    2194
    2012
    1977
    2107
    2096
    2013
    2088
    2129
    2042
    2129
    1988
    2165
    2109
    2026
    2152
    2165
    2178
    2075
    2100
    2025
    2144
    2160
    2062
    2136
    2123
    2091
    2036
    2034
    2068
    2117
    2146
    2126
    2044
    2107
    2234
    2087
    2133
    2067
    2023
    2043
    2077
    2169
    2173
    2104
    2100
    2061
    2137
    2231
    2167
    2128
    2075
    2082
    2079
    2056
    2051
    2127
    2137
    2072
    2054
    2121
    2047
    2080
    2066
    2182
    2074
    2061
    2115
    2137
    2200
    2084
    2097
    2073
    2137
    1999
    2147
    2171
    2040
    2149
    2183
    2051
    2108
    2023
    2145
    2081
    1970
    2051
    2137
    2100
    2164
    2074
    2138
    2108
    2149
    2097
    2057
    2116
    2052
    2079
    2133
    2122
    2117
    2108
    2115
    2097
    2157
    2106
    2013
    2060
    2151
    2014
    2184
    2123
    2137
    2041
    2041
    2158
    2105
    2066
    2060
    2095
    2135
    2079
    2112
    2172
    2052
    2093
    2144
    2099
    2073
    2043
    2173
    2085
    2085
    2066
    2088
    2050
    2116
    2178
    2089
    2126
    2044
    2168
    2149
    2223
    2195
    2144
    2178
    2063
    2066
    2029
    2152
    2126
    2109
    2187
    2075
    2172
    2096
    2083
    2220
    2058
    2120
    2190
    2119
    2081
    2074
    2121
    2171
    2118
    2092
    2168
    2025
    2098
    2031
    2152
    2029
    2177
    2205
    2034
    2152
    2061
    2052
    2018
    2115
    2064
    2174
    2147
    2079
    2167
    2145
    2160
    2138
    2053
    2104
    2085
    2095
    2167
    2148
    2124
    2022
    2070
    2036
    2074
    2097
    2083
    2192
    2074
    2156
    2163
    2061
    2071
    2216
    2079
    2043
    2071
    2135
    2084
    2004
    2135
    2041
    2169
    2182
    2159
    2158
    2069
    1987
    2097
    2107
    2138
    2161
    2114
    2079
    2080
    2060
    2284
    2116
    1992
    2157
    2076
    2042
    2101
    2121
    2140
    2158
    2015
    2125
    2045
    2189
    2082
    2057
    2144
    2035
    2080
    2169
    2159
    2140
    1996
    2137
    2000
    2253
    2072
    2092
    2155
    2099
    2142
    1993
    2161
    2110
    2125
    2121
    2089
    2169
    2047
    2060
    2069
    2035
    2180
    2083
    2108
    2171
    2151
    2098
    2084
    2121
    2087
    2114
    2202
    2076
    2194
    2098
    2107
    2180
    2070
    2209
    2225
    2080
    2169
    2206
    2148
    2073
    2018
    2121
    2121
    2131
    2159
    2045
    1989
    2123
    2015
    2102
    2130
    2118
    2094
    2101
    2178
    2085
    2086
    2063
    2171
    2207
    2091
    2151
    2160
    2003
    2148
    1995
    2073
    2062
    2150
    2066
    2143
    2250
    2078
    2006
    2105
    2111
    2090
    2110
    2191
    2153
    2086
    2140
    2162
    2135
    2136
    2081
    2172
    2086
    2098
    2092
    2043
    2129
    2074
    2177
    2057
    2182
    2044
    2106
    2125
    2078
    2119
    2019
    2153
    2140
    2103
    2136
    1977
    2083
    2023
    2037
    2024
    2126
    2142
    2069
    2068
    2101
    2051
    2128
    2046
    2148
    2093
    2139
    2163
    2161
    2163
    2184
    2026
    2121
    2010
    2082
    2126
    1950
    2073
    2128
    2066
    2192
    2120
    2037
    2075
    2068
    2154
    2215
    2106
    2197
    2125
    2178
    2101
    2187
    2107
    2007
    2188
    2115
    2087
    2149
    2060
    2081
    2088
    1998
    2006
    2069
    2075
    2127
    2168
    2148
    2125
    2051
    2113
    2149
    2130
    2127
    2133
    2020
    2053
    2060
    2166
    2067
    2082
    2171
    2077
    2041
    2042
    2124
    2101
    2063
    2185
    2006
    2149
    2008
    2090
    2223
    2085
    2119
    2164
    2121
    2124
    2113
    2188
    2084
    2107
    1994
    2059
    2162
    2167
    2117
    2088
    2082
    2113
    2149
    2164
    2089
    2143
    2045
    2173
    2074
    2244
    2065
    2142
    2137
    2047
    2170
    2168
    2031
    2114
    2061
    2069
    2130
    2017
    2038
    2088
    1990
    2098
    2165
    2165
    2081
    2068
    2096
    2126
    2119
    2026
    2133
    2030
    2133
    2154
    2133
    2097
    2084
    2135
    2090
    2021
    2181
    2131
    2088
    2072
    2090
    2121
    2115
    2093
    2040
    2015
    2099
    2072
    2023
    2098
    2097
    2082
    2144
    2111
    2186
    2160
    2010
    2089
    2044
    2122
    2048
    2167
    2020
    2049
    2177
    2059
    2039
    2071
    2128
    2070
    2063
    2118
    2132
    2149
    2073
    2110
    2095
    2118
    2116
    2071
    2023
    2119
    2122
    2084
    2080
    2013
    2178
    2081
    2117
    2157
    2135
    2003
    2145
    2249
    2074
    2055
    2185
    2077
    2215
    2073
    2195
    2053
    2110
    2188
    2095
    2121
    2133
    2174
    2153
    2086
    2094
    2081
    2114
    2122
    2113
    2248
    2093
    2133
    2085
    2138
    2116
    2134
    2158
    2094
    2018
    2031
    2171
    2030
    2100
    2051
    2066
    2083
    2153
    2138
    2003
    2064
    2086
    2094
    2203
    2056
    2044
    2168
    2123
    2103
    2105
    2139
    2107
    2108
    2075
    2177
    2052
    2051
    2044
    2184
    2115
    2069
    2049
    2127
    2162
    2168
    2003
    2123
    2035
    2180
    2099
    2127
    2152
    2076
    2147
    2098
    2078
    2080
    2127
    2238
    2098
    2066
    2089
    2078
    2057
    2151
    2120
    2059
    2142
    2130
    2206
    2011
    2148
    2229
    2062
    2241
    2142
    2170
    2143
    2077
    2194
    2099
    2127
    2030
    2106
    2014
    2075
    2109
    2141
    2054
    2024
    2177
    2105
    2059
    2126
    2127
    2040
    2152
    2054
    2083
    2076
    2225
    2134
    2041
    2131
    2151
    2149
    2171
    2072
    2133
    2117
    2208
    2100
    2015
    2195
    2108
    2013
    1992
    2163
    2079
    2127
    2088
    2154
    2236
    2180
    2114
    2054
    2120
    2092
    2139
    2155
    2087
    2147
    2148
    2005
    2038
    2020
    2131
    2056
    2047
    2095
    2126
    2140
    2144
    2147
    2209
    2085
    2115
    2097
    2188
    2089
    2112
    2097
    2179
    2024
    2127
    2162
    2171
    2188
    2119
    2014
    1997
    2188
    2062
    2012
    2039
    2040
    2115
    2144
    2079
    2086
    2069
    2154
    2027
    2083
    2114
    2006
    2106
    2067
    2091
    2170
    2129
    2118
    2120
    1986
    2099
    2184
    2217
    2112
    2124
    2118
    2136
    2074
    2077
    1991
    2058
    2119
    2055
    2119
    1978
    2061
    2105
    2080
    2113
    2003
    2205
    2087
    2258
    2055
    2206
    2113
    2067
    2051
    2111
    2098
    2176
    2122
    2019
    2061
    2041
    2100
    2097
    2107
    2180
    2137
    2125
    2020
    2041
    2196
    2045
    2059
    2060
    2128
    2144
    2073
    2211
    2148
    2147
    2181
    2209
    2157
    2132
    2144
    2093
    2013
    2117
    2131
    2114
    2146
    2102
    2098
    2099
    2031
    2044
    2093
    2263
    2032
    2154
    2088
    2177
    1997
    2104
    2041
    2113
    2083
    2100
    2135
    2140
    2182
    2058
    2104
    2032
    2148
    2136
    2103
    2109
    2053
    2151
    2141
    2134
    2128
    2035
    2052
    2029
    2027
    2106
    2112
    2145
    2220
    2191
    2026
    2131
    2076
    2044
    2136
    2143
    2140
    2129
    2200
    2128
    2108
    2086
    2193
    2091
    2148
    2209
    1985
    2076
    2068
    2203
    2076
    2099
    2120
    2014
    2077
    2180
    2165
    2112
    2095
    2109
    2057
    2124
    2053
    2089
    2180
    2037
    2113
    2077
    1962
    2143
    2077
    2158
    2129
    2148
    2143
    2197
    2065
    2102
    2106
    2060
    2089
    2129
    2198
    2123
    2115
    2142
    2099
    2108
    2120
    2082
    2084
    2135
    2094
    2159
    2137
    2048
    2186
    2131
    2079
    2128
    2084
    2115
    2102
    2099
    2080
    2122
    2046
    2166
    2137
    2087
    2159
    2142
    2118
    2132
    2045
    2103
    2070
    2068
    2042
    2058
    2084
    2146
    2130
    2157
    2059
    2244
    2212
    2131
    2094
    2173
    2107
    2166
    2137
    2074
    2053
    2005
    2130
    2181
    2116
    2113
    2195
    2110
    2083
    2112
    2126
    2131
    2067
    2224
    2028
    2133
    2142
    2047
    2134
    2065
    2154
    2085
    2094
    1994
    1966
    2117
    1941
    2075
    2067
    2071
    2093
    2066
    2098
    2101
    2049
    2102
    1981
    1994
    2193
    2170
    2085
    2061
    2143
    2208
    2146
    2068
    2122
    2084
    2098
    2166
    2123
    2109
    2091
    2009
    2031
    2210
    2034
    2215
    2036
    2127
    2237
    2079
    2132
    2137
    2145
    2039
    2113
    2162
    2101
    2050
    2153
    2189
    2085
    1994
    2131
    2096
    2079
    2138
    2145
    2000
    2055
    2130
    2187
    2133
    2156
    2112
    2161
    2262
    2050
    2194
    2077
    2137
    2153
    2016
    2181
    2110
    2114
    2095
    2110
    2151
    2055
    2141
    2133
    2042
    2212
    2097
    2090
    2134
    2179
    2046
    2192
    2034
    2138
    2081
    2032
    2045
    2105
    2112
    2075
    2125
    2040
    2154
    2193
    2071
    2122
    2069
    2111
    2036
    2212
    2146
    2162
    2173
    2079
    2093
    2150
    2018
    2164
    2049
    2025
    2102
    2107
    2098
    2050
    2068
    2052
    2062
    2079
    2048
    2093
    2066
    2148
    2168
    2184
    2103
    2177
    2051
    2071
    2100
    2170
    2122
    2072
    2178
    2047
    2022
    2176
    1992
    2010
    2166
    2174
    2099
    2100
    2086
    2090
    2066
    2102
    2142
    2156
    2144
    2205
    2099
    2093
    2100
    2060
    2104
    2082
    2029
    2060
    2053
    2155
    2124
    2150
    2153
    2198
    2130
    2090
    2082
    2168
    2116
    2066
    2127
    2019
    2142
    2052
    2065
    2109
    2183
    2042
    2178
    2140
    2196
    2133
    2094
    2146
    2134
    2059
    2032
    2119
    2115
    2025
    2104
    2206
    2048
    2078
    2123
    2083
    2199
    2057
    1996
    2100
    2127
    2094
    2039
    2024
    2065
    2034
    2225
    2120
    2066
    2162
    2031
    2106
    2111
    2111
    2168
    2111
    2201
    2255
    2230
    2104
    2153
    2109
    2184
    2085
    2096
    2248
    2128
    2083
    2141
    2228
    2080
    2129
    2183
    2069
    2072
    2137
    2087
    2134
    2106
    2050
    2105
    2147
    2120
    2149
    2175
    2133
    2081
    2028
    2156
    2161
    2142
    2095
    2031
    2074
    2190
    2096
    2161
    2128
    2115
    2145
    2151
    2200
    2073
    2039
    2092
    2165
    1989
    2139
    2101
    2187
    2172
    2160
    1989
    2116
    1985
    2140
    2061
    1974
    2167
    2112
    2114
    2119
    2158
    2097
    2145
    1984
    2145
    1977
    2087
    2011
    2167
    2080
    2047
    2153
    2067
    2052
    2129
    2140
    2184
    2033
    2128
    2194
    2204
    2144
    2103
    2083
    2152
    2176
    2074
    2076
    2127
    2011
    2173
    2118
    2028
    2212
    2064
    2014
    2085
    2101
    2068
    2171
    2173
    2122
    2027
    2061
    2096
    2147
    2106
    2088
    2144
    2152
    2123
    2026
    2057
    2090
    2129
    2114
    2133
    2076
    2009
    2099
    2126
    2077
    2075
    2121
    2161
    2139
    2187
    2087
    2033
    2113
    2014
    1980
    2150
    2093
    2124
    2164
    2123
    2049
    2120
    2166
    2103
    2080
    2173
    2081
    2098
    2061
    2139
    2120
    2161
    2154
    2118
    2139
    2050
    2127
    2162
    2114
    2135
    2000
    2067
    2163
    2124
    2089
    2139
    2195
    2130
    2184
    2107
    2110
    2130
    1985
    2191
    2178
    2180
    2113
    2122
    2272
    2096
    2073
    2170
    2062
    2218
    2093
    2092
    2025
    2060
    2156
    2219
    2025
    2062
    2065
    2184
    2105
    2077
    2196
    2111
    2099
    2018
    2068
    2215
    2166
    2089
    2189
    2195
    2187
    2014
    2028
    2091
    2029
    2150
    2114
    2067
    2064
    2102
    2011
    2088
    2069
    1993
    2091
    2121
    2193
    2162
    2061
    2072
    2149
    2132
    2186
    2128
    2116
    2071
    2102
    2125
    2033
    2057
    1991
    2161
    2164
    2104
    2073
    2188
    2068
    2034
    2093
    2155
    2138
    2002
    2068
    2104
    2006
    2145
    2089
    2063
    2101
    2053
    2038
    2040
    2066
    2144
    2120
    2000
    2192
    2140
    2077
    2074
    2108
    2162
    2057
    2016
    2017
    2128
    2078
    2035
    2125
    2126
    2045
    2142
    2139
    2074
    2067
    2109
    2134
    2062
    2092
    2066
    2101
    2120
    2114
    2069
    2036
    2086
    2178
    2066
    2088
    2096
    2047
    2044
    2155
    2066
    2101
    2152
    2129
    2059
    2175
    2074
    2087
    2057
    1999
    2092
    2179
    2122
    2142
    2090
    2135
    2085
    2037
    2021
    2121
    2044
    2027
    2168
    2083
    2136
    2111
    2108
    2094
    2152
    2080
    2127
    2107
    2144
    2179
    2069
    2162
    2116
    2068
    2070
    2152
    2060
    2062
    2101
    2103
    2129
    2114
    2113
    2217
    2029
    2100
    2106
    2103
    2155
    2097
    2051
    2134
    2095
    2120
    2086
    2084
    2084
    2102
    2128
    2104
    2079
    2073
    2181
    2059
    2111
    2093
    2078
    2061
    2052
    2146
    2125
    2095
    2155
    2024
    2034
    2186
    2093
    2096
    2082
    2217
    2141
    2187
    2000
    2122
    2181
    2074
    2142
    2124
    2178
    2109
    2118
    2106
    2236
    2167
    2104
    2184
    2100
    1970
    2261
    2115
    2128
    2081
    2076
    1986
    2045
    2085
    2154
    1939
    2045
    2127
    2106
    2058
    2083
    2213
    2152
    2151
    2193
    2141
    1990
    2068
    2214
    2124
    2034
    2026
    2134
    2043
    2095
    2104
    2010
    2158
    2115
    2039
    2075
    2059
    2105
    2111
    2202
    2077
    2096
    2035
    2145
    2203
    2074
    2003
    2123
    2089
    2077
    2105
    2107
    2170
    2074
    2070
    2154
    2108
    2132
    2057
    2057
    2122
    2032
    2195
    2082
    2056
    2078
    2055
    2163
    2055
    2133
    2131
    2122
    2060
    2087
    2006
    2056
    2053
    2085
    2065
    1998
    2066
    2027
    2171
    2078
    2177
    2120
    2078
    2154
    2015
    2010
    2063
    2036
    2184
    2090
    2104
    2063
    2091
    2087
    2155
    2061
    2132
    2073
    2238
    2021
    2139
    2169
    2148
    2088
    2054
    2117
    1956
    2071
    2126
    2162
    2021
    2130
    2176
    2102
    2101
    2088
    2116
    2023
    2117
    2061
    2225
    2091
    2069
    2108
    2020
    2217
    2119
    2121
    2085
    2157
    2159
    2047
    2132
    2004
    1996
    2106
    2103
    2231
    2082
    2129
    2021
    2056
    2056
    2061
    2102
    2075
    2052
    2041
    2172
    2184
    2067
    2075
    2183
    2148
    2159
    2166
    2019
    2126
    2083
    2048
    2091
    2051
    2112
    2117
    2042
    2153
    2021
    2171
    2124
    1941
    2137
    2116
    2093
    2099
    2098
    2060
    2132
    2216
    2177
    2062
    2154
    2188
    2085
    2115
    2134
    2089
    1982
    2186
    2094
    2111
    2241
    2123
    2136
    2099
    2133
    2110
    2086
    2072
    2128
    2063
    2089
    2110
    2010
    2123
    2025
    2152
    2196
    2101
    2086
    2042
    2093
    2079
    2158
    2092
    2043
    2131
    2181
    2074
    2085
    2086
    2179
    2147
    2070
    2075
    2058
    2120
    2128
    2056
    2095
    2134
    2224
    2123
    2089
    2062
    2105
    2052
    2097
    1978
    2164
    2039
    2103
    2119
    2085
    2189
    2046
    2108
    2215
    2057
    2117
    2110
    2065
    2151
    2166
    2115
    2048
    2169
    2126
    2149
    2062
    2098
    2206
    2048
    2055
    2207
    2066
    2056
    2104
    2056
    2143
    2137
    2052
    2053
    2143
    2006
    2138
    2040
    2152
    2095
    2126
    2107
    2145
    1992
    2050
    2127
    2088
    2132
    2077
    2100
    2138
    2193
    2070
    2064
    2182
    2163
    2104
    2118
    2050
    2185
    2093
    2159
    2121
    2171
    2035
    2090
    2019
    2066
    2182
    2105
    2088
    2140
    1988
    2118
    2276
    2187
    2168
    2172
    2097
    2140
    2120
    2067
    2096
    2053
    2171
    2101
    2094
    2226
    2072
    2085
    2156
    2045
    2168
    2155
    2146
    2201
    2131
    2110
    2108
    2115
    2112
    2069
    2039
    2168
    2171
    2091
    2191
    2115
    2066
    2130
    2053
    1972
    2053
    2138
    2149
    2187
    2120
    2145
    2033
    2070
    2127
    2059
    2174
    2109
    2070
    2104
    2121
    2058
    2047
    2088
    2113
    2115
    2126
    2111
    2046
    2094
    2181
    2119
    2147
    2116
    1973
    2226
    2054
    2084
    2062
    2119
    2085
    1955
    2128
    2099
    2040
    2139
    2191
    2030
    2129
    2087
    2166
    2175
    2196
    2104
    2129
    2094
    2037
    2157
    2070
    2019
    2086
    2084
    2138
    2035
    2091
    2136
    2096
    2131
    2052
    2108
    2008
    2106
    2146
    2113
    2073
    2100
    2146
    2142
    2069
    2079
    2188
    2047
    2056
    2053
    2127
    2052
    2071
    2135
    2106
    2146
    2211
    2130
    2156
    2101
    2095
    2121
    2002
    2082
    2043
    2231
    2181
    2128
    2174
    2107
    2053
    2134
    1999
    2073
    2074
    2040
    2171
    2053
    2061
    2108
    2040
    2053
    2069
    2264
    2162
    2134
    2083
    2105
    2151
    1976
    2117
    2091
    2118
    2143
    2128
    2159
    2050
    2034
    2077
    2070
    2132
    1995
    2041
    2219
    2209
    2109
    2088
    2158
    2043
    2149
    2160
    2158
    2079
    2110
    2135
    2149
    2016
    2140
    2100
    2136
    2095
    2196
    1934
    2063
    2016
    2033
    2185
    2078
    2078
    2146
    2129
    2162
    2094
    2128
    2156
    2072
    2000
    2104
    2081
    2031
    2100
    2115
    2121
    2147
    2067
    2100
    2079
    2148
    2101
    2072
    2094
    2085
    2102
    2103
    2142
    2055
    2091
    2105
    2082
    2140
    2146
    2256
    2195
    2220
    2079
    2126
    2172
    2107
    2151
    2140
    2009
    2056
    2057
    2144
    2089
    2078
    2080
    2162
    2089
    2124
    2150
    2069
    2061
    2101
    2201
    2055
    2080
    2156
    2073
    2041
    2077
    2156
    2163
    2060
    2187
    2150
    2073
    2165
    2100
    2113
    2221
    2105
    2056
    2109
    2178
    2064
    2050
    2052
    2027
    2070
    2131
    2111
    2079
    2116
    2098
    2129
    1992
    2129
    2130
    2072
    2164
    2094
    2070
    2177
    2259
    2153
    2053
    2122
    2047
    2088
    2017
    2110
    2094
    2141
    2078
    2156
    2112
    2135
    2158
    2040
    2133
    2091
    2055
    2111
    2016
    2166
    2049
    1980
    2039
    2039
    2052
    2000
    2049
    2132
    2067
    2105
    2050
    2120
    2106
    2101
    2078
    2169
    2204
    2079
    2131
    2134
    2139
    2052
    2106
    2168
    2102
    2024
    2221
    2018
    2087
    2104
    2116
    2140
    2104
    1997
    2081
    2177
    2089
    2046
    2097
    2134
    2180
    2120
    2044
    2146
    2138
    2131
    2067
    2106
    2139
    2094
    2172
    2163
    2093
    2101
    2122
    2109
    2163
    2041
    2137
    2099
    2041
    2017
    2067
    2030
    2108
    2044
    2033
    2150
    2130
    2175
    2119
    2119
    2138
    2060
    2129
    2158
    2006
    2055
    2111
    2135
    2097
    2027
    2055
    2098
    2044
    2063
    2099
    2247
    2090
    2055
    2107
    2047
    2186
    2125
    2144
    2074
    2248
    2152
    2104
    2106
    2153
    2101
    2066
    1992
    2105
    2075
    2056
    2061
    2061
    2160
    2089
    2082
    2084
    2094
    2127
    2131
    2131
    2134
    2125
    2149
    2233
    2143
    2153
    2070
    2196
    2124
    2115
    2140
    2120
    2128
    2105
    2108
    2135
    2157
    2135
    2048
    2172
    2034
    2149
    2096
    2123
    2108
    2062
    2182
    2165
    2161
    2075
    2091
    2112
    2163
    2160
    2092
    2150
    2137
    2112
    2149
    2199
    2084
    2075
    2124
    2180
    2141
    2091
    2115
    2113
    2111
    2144
    2118
    2127
    2155
    2002
    2126
    2021
    2083
    2046
    2253
    2107
    2205
    2109
    2064
    2121
    2117
    2082
    2119
    2134
    2066
    2067
    2170
    2086
    2025
    2034
    2111
    2014
    2118
    2009
    2214
    2007
    2090
    2107
    2153
    2108
    2110
    2099
    2070
    2102
    2083
    2027
    2193
    2170
    2104
    2046
    2087
    2083
    2165
    2101
    2137
    2042
    2179
    2196
    2151
    2047
    2052
    2103
    2119
    2125
    2102
    2069
    2149
    2168
    2070
    2006
    2067
    2067
    2056
    2057
    2142
    2180
    2084
    2185
    2181
    2135
    2161
    2194
    2080
    2072
    2086
    2054
    2191
    2165
    2111
    2106
    2160
    2062
    2118
    2085
    2223
    2095
    2018
    2083
    1988
    2056
    2082
    2095
    2096
    2160
    2136
    2006
    2123
    2024
    2149
    1996
    2131
    2090
    2200
    2005
    2093
    2143
    2123
    2141
    2065
    2080
    2080
    2074
    2050
    2070
    2138
    2087
    2022
    2088
    2141
    2128
    2139
    2113
    2093
    2018
    2108
    2106
    2059
    2092
    2176
    2104
    2098
    2202
    2164
    2061
    2158
    2167
    2059
    2004
    2067
    2135
    2031
    2089
    2102
    2121
    2056
    2060
    2111
    2117
    2117
    2150
    2102
    2192
    2067
    2089
    2083
    2112
    2217
    2114
    2089
    2191
    2055
    2093
    2029
    2135
    2109
    2178
    2171
    2152
    2131
    2101
    2077
    2093
    2193
    2181
    2139
    2219
    2105
    2149
    2147
    2136
    2132
    2070
    2152
    2072
    2190
    2077
    2209
    2068
    2045
    2117
    2122
    2147
    2046
    2079
    2091
    2086
    2091
    2067
    1971
    2039
    2041
    2161
    2035
    2111
    2056
    2087
    2086
    2116
    2135
    2129
    2082
    2132
    2065
    2106
    2146
    2068
    2044
    2152
    2021
    2171
    2195
    2133
    2138
    2102
    2114
    2156
    2194
    2108
    2176
    2047
    2064
    2131
    2063
    2139
    2031
    2088
    2102
    2109
    1956
    2109
    2150
    2145
    2023
    2081
    2011
    2149
    2097
    2104
    1970
    2118
    1973
    2072
    2157
    2221
    2159
    2130
    2087
    2212
    2120
    2064
    2142
    2115
    2218
    2038
    2129
    2068
    2050
    2080
    2048
    2159
    2072
    2157
    2076
    2076
    1976
    2000
    2060
    2168
    2066
    2183
    2078
    2082
    2116
    2134
    2126
    2182
    2061
    2126
    2067
    2028
    2091
    2104
    2098
    2065
    2159
    2104
    2075
    2094
    2039
    2015
    2070
    2047
    2079
    2148
    2153
    2109
    2119
    2076
    2098
    2020
    2062
    2040
    2084
    2106
    2090
    2083
    2078
    2156
    2106
    2183
    2135
    2116
    2067
    2060
    2082
    2148
    2130
    2128
    2101
    2121
    2117
    2066
    2125
    2094
    2157
    2204
    1983
    2053
    2083
    2131
    2142
    2065
    2068
    2030
    2104
    2055
    2002
    2209
    2120
    2155
    2062
    2013
    2034
    2034
    2106
    2060
    2090
    2145
    2163
    2049
    2082
    2149
    2051
    2047
    2150
    2054
    2133
    2078
    2033
    2045
    2154
    2068
    2006
    2133
    2104
    2069
    2127
    2006
    2074
    2131
    2091
    2204
    2086
    2081
    2118
    1997
    2135
    2201
    2111
    2178
    2142
    2180
    2047
    2048
    2060
    2060
    2051
    1986
    2118
    2180
    2167
    2079
    2130
    2146
    2133
    2194
    2131
    2083
    2143
    2111
    2182
    2084
    2112
    1996
    2111
    2009
    2095
    2057
    2140
    2036
    2080
    2199
    2102
    2147
    2139
    2200
    2125
    2110
    2096
    2017
    2132
    2126
    2017
    2147
    2139
    2071
    2086
    2006
    2057
    2009
    2123
    2088
    2205
    2205
    2109
    2106
    2140
    2114
    2048
    2094
    2142
    2122
    2107
    2054
    2133
    2144
    2048
    1999
    2147
    2139
    2114
    2204
    2177
    1896
    2161
    2211
    2149
    2080
    2116
    2183
    2076
    2160
    2084
    2111
    2020
    2064
    2104
    2044
    2033
    2175
    2053
    2167
    2045
    2065
    2095
    2054
    2078
    2151
    2018
    2053
    2125
    2079
    2090
    2129
    2103
    2107
    2016
    2094
    2129
    2064
    2111
    2159
    2062
    2095
    2107
    2067
    2097
    2057
    2014
    2070
    1976
    2105
    2191
    2196
    2141
    2103
    2055
    1986
    2029
    2116
    2064
    2154
    1982
    2069
    2114
    2092
    2131
    2137
    2044
    2169
    2139
    2083
    2089
    2144
    2143
    2120
    2132
    2207
    2155
    2183
    2209
    2050
    2190
    2039
    2158
    2066
    2098
    2121
    2260
    2126
    2090
    2072
    2133
    2031
    2138
    2056
    2060
    2088
    2155
    2096
    2159
    2115
    2137
    2162
    2073
    2147
    2008
    2071
    2177
    2102
    2115
    2199
    2107
    1963
    2048
    2029
    2105
    2121
    2087
    2134
    2106
    2226
    2143
    2072
    2022
    2061
    2148
    2175
    2037
    2106
    2173
    2129
    2164
    2035
    2117
    2026
    2146
    2090
    2193
    2144
    2060
    2051
    2122
    2097
    2183
    2051
    2083
    2144
    2067
    2164
    2159
    2136
    2103
    1995
    2075
    2078
    2112
    2083
    2147
    2156
    2129
    2020
    2097
    2045
    2101
    2161
    2004
    2195
    2129
    2093
    2145
    2148
    2152
    2108
    2007
    2058
    1999
    2177
    2065
    2129
    2178
    2075
    2080
    2041
    2092
    2033
    2027
    2079
    2097
    2050
    2151
    2142
    2077
    2130
    2117
    2119
    2140
    2054
    2168
    2207
    2077
    2055
    2118
    2170
    2150
    2094
    2035
    2113
    2133
    2154
    2148
    2038
    2068
    2108
    2096
    2055
    2100
    2043
    2243
    2119
    2180
    2145
    2120
    2110
    2110
    2071
    2114
    2158
    2110
    2172
    2029
    2066
    2094
    2112
    2108
    2050
    2001
    2182
    2035
    2072
    2089
    2168
    2122
    2081
    2134
    2142
    2109
    2194
    2094
    2075
    2120
    2191
    2189
    2137
    2101
    2102
    2265
    2216
    2096
    2111
    2058
    2130
    2055
    2169
    2059
    2024
    2144
    2131
    2087
    2061
    2051
    2149
    2121
    2069
    2108
    2093
    2078
    2157
    2125
    2051
    2082
    2150
    2212
    2165
    2012
    2157
    2156
    2065
    2130
    2098
    2182
    2161
    2100
    2083
    2186
    2125
    2191
    2115
    2082
    2120
    2102
    2103
    2022
    2102
    2132
    2188
    2063
    2021
    2004
    2116
    2030
    2103
    2075
    2087
    2134
    2111
    2053
    2011
    2117
    2136
    2151
    2122
    2164
    2125
    2118
    2014
    2043
    2184
    2106
    2045
    2116
    2128
    2036
    2075
    2113
    2137
    2157
    2142
    2089
    2141
    2152
    2055
    2156
    2195
    2116
    2178
    2036
    2142
    2037
    2131
    2219
    2080
    2111
    2101
    2009
    2204
    2076
    2063
    2167
    2189
    2166
    2088
    2134
    2081
    2129
    2148
    2062
    2101
    2154
    2075
    2034
    2014
    2100
    2057
    2149
    2054
    2047
    2195
    2123
    2081
    2083
    2063
    2106
    2145
    2205
    2072
    2147
    2136
    2224
    2153
    2196
    2011
    2258
    2116
    2239
    2139
    2081
    2100
    2080
    2071
    2147
    2033
    2075
    2006
    2090
    2138
    2189
    2103
    2038
    2182
    2133
    2104
    2173
    2141
    1992
    2156
    2054
    2016
    2114
    2011
    2035
    2087
    1999
    1979
    2172
    2097
    2097
    2227
    2080
    2146
    2000
    2041
    2140
    2168
    2104
    2101
    2135
    2120
    2088
    2167
    2125
    2210
    2158
    2216
    2042
    2081
    2153
    2049
    2100
    2098
    2091
    1980
    2098
    2225
    2080
    2064
    2133
    2132
    2091
    2101
    2111
    2096
    2105
    2007
    2131
    2113
    2046
    2139
    2058
    2071
    2014
    2191
    2124
    2129
    2081
    2128
    2184
    2089
    2064
    2167
    2103
    2024
    2050
    2078
    2068
    2076
    2135
    2086
    1991
    2113
    2039
    2007
    2084
    2108
    2159
    2162
    2085
    2106
    2050
    2154
    2195
    2065
    2143
    2135
    2083
    2042
    2123
    2088
    2137
    2072
    2133
    2071
    2119
    2102
    2018
    2082
    2132
    2099
    2071
    2174
    2116
    2176
    2211
    2219
    2095
    2106
    2146
    2090
    2098
    2136
    2144
    2101
    2084
    2096
    2118
    2133
    2072
    2032
    2159
    2111
    2120
    2227
    2209
    2166
    2079
    2072
    2083
    2201
    2199
    2130
    2256
    2056
    2177
    2008
    2152
    2073
    2102
    2122
    2097
    2007
    2128
    2103
    2097
    2052
    2108
    2090
    2113
    2054
    2116
    2057
    2041
    2097
    2095
    2066
    2141
    2073
    2106
    2053
    2039
    2086
    2024
    2108
    2032
    2112
    2122
    2148
    2070
    2001
    1954
    2078
    2133
    2039
    2110
    2095
    2043
    2175
    2061
    2100
    2079
    2044
    2172
    2043
    2062
    2023
    2100
    2158
    2093
    2091
    2181
    2118
    2125
    2196
    2218
    2060
    2131
    2230
    2121
    2166
    2033
    2082
    2128
    2071
    2189
    2082
    2016
    2183
    2125
    2017
    2171
    2190
    2087
    2047
    2009
    2172
    2095
    2123
    2125
    2044
    2123
    2176
    2124
    2098
    2120
    2067
    2151
    2149
    2034
    2084
    2071
    2079
    2048
    2104
    2040
    2142
    2178
    2065
    2063
    2136
    2043
    2117
    2044
    2120
    2060
    2092
    2185
    2054
    2035
    2127
    2060
    2169
    2037
    2094
    2183
    2017
    2081
    2089
    2096
    2197
    2082
    2093
    2162
    2061
    2102
    2158
    2014
    2092
    2098
    2066
    2144
    2130
    2117
    2144
    2003
    2042
    2072
    2021
    2243
    2082
    2121
    2031
    2127
    2107
    2137
    2030
    2114
    2120
    2055
    2081
    2115
    2099
    2067
    2113
    2167
    2117
    2047
    2078
    2152
    2031
    2184
    2030
    2135
    2137
    2155
    2133
    2069
    2122
    2040
    2053
    2195
    2082
    2066
    2061
    2081
    2128
    2107
    2072
    2098
    2145
    2093
    2062
    2217
    2084
    2102
    2115
    2036
    2173
    2031
    2068
    2047
    2078
    2112
    2028
    2068
    2076
    2065
    2030
    2058
    2065
    2224
    2178
    2092
    2080
    2054
    2083
    2039
    2102
    2105
    2171
    2119
    2094
    1997
    2028
    2202
    2034
    2058
    2220
    2156
    2066
    2147
    2003
    2147
    2073
    2054
    2143
    2144
    2049
    2156
    2075
    1990
    2045
    2025
    2114
    2053
    2095
    2104
    2121
    2056
    2097
    2129
    2115
    2157
    2097
    2101
    2098
    2226
    2008
    2133
    2069
    2048
    2162
    2161
    2105
    2131
    2210
    1988
    2183
    2012
    2109
    2065
    2073
    2099
    2091
    2078
    2026
    2128
    2088
    2098
    2134
    2104
    2107
    2055
    2135
    2186
    2128
    2115
    2070
    2096
    2123
    2072
    2007
    2110
    2247
    2108
    2053
    2092
    2126
    2037
    2105
    2001
    2115
    2048
    2106
    2081
    2156
    1965
    2152
    2082
    2030
    2018
    2123
    2142
    2099
    2175
    2220
    2211
    2083
    2133
    2082
    2033
    2070
    2131
    2087
    2135
    1991
    2130
    2063
    2109
    2124
    2071
    2173
    2095
    2059
    2154
    2118
    2041
    2169
    2066
    2118
    2202
    2074
    2094
    2199
    2101
    2079
    2133
    2035
    2046
    2107
    2087
    2139
    2084
    2114
    2115
    2148
    2078
    2122
    2124
    2117
    2071
    2139
    2053
    2092
    2116
    2167
    2085
    2087
    2075
    2112
    2150
    2034
    2175
    2075
    2123
    2055
    2182
    2122
    2067
    2093
    2103
    2092
    2131
    2150
    2210
    2110
    2139
    2061
    2037
    2117
    2092
    2148
    2077
    2156
    2234
    2102
    2121
    2079
    2013
    2170
    2051
    2078
    2109
    2111
    2118
    2123
    2113
    2137
    2112
    2121
    2101
    2095
    2113
    2160
    2015
    2054
    2146
    2162
    2208
    2098
    2131
    2153
    2267
    2061
    2112
    2048
    2143
    2018
    2181
    2135
    2096
    2091
    2113
    2145
    2083
    2064
    2113
    2100
    2205
    2103
    2115
    2093
    2133
    2123
    2141
    2048
    2133
    2075
    2135
    2124
    2110
    2128
    2084
    2147
    2126
    2164
    2130
    2097
    2078
    2116
    2154
    2086
    1973
    2162
    2060
    2121
    2152
    2172
    2162
    2120
    2052
    2117
    2091
    2087
    2152
    2095
    2072
    2152
    2160
    2123
    2145
    2101
    2144
    2140
    2032
    2057
    2054
    2233
    2130
    1967
    2124
    2193
    2129
    2058
    2155
    2202
    2095
    2115
    1971
    2098
    2157
    2071
    1963
    2159
    2062
    1993
    2085
    2041
    2095
    2198
    2072
    2099
    2137
    2052
    2180
    2074
    2121
    2067
    2031
    2154
    2118
    2096
    2069
    2056
    2068
    2136
    2095
    2104
    2066
    2126
    2180
    2076
    2128
    2079
    2135
    2083
    2168
    2060
    2130
    2070
    2003
    2066
    2109
    2102
    2097
    2122
    2191
    2016
    2087
    2122
    2110
    2157
    2225
    2106
    2030
    2154
    2112
    2138
    1977
    2080
    2080
    2045
    2027
    2079
    2184
    2034
    2112
    2095
    2073
    2035
    2163
    2228
    2113
    2130
    2112
    2038
    2014
    2140
    2131
    1973
    2040
    2121
    2071
    2128
    2126
    2053
    2051
    2087
    2187
    2115
    2129
    2103
    2122
    2056
    2080
    2114
    2105
    2129
    2148
    2167
    2025
    2077
    2135
    2149
    2060
    2068
    2043
    2101
    2122
    2204
    2035
    1985
    2081
    2110
    2123
    1943
    2066
    2123
    2104
    2093
    2120
    2038
    2120
    2040
    2036
    2124
    2142
    2044
    2075
    2049
    2093
    2149
    2183
    2111
    2137
    2050
    2142
    2166
    2045
    2003
    1995
    2105
    2038
    2101
    2099
    2008
    2029
    2055
    2211
    2035
    2031
    2069
    2081
    2119
    2229
    2153
    2020
    2061
    2089
    2122
    2155
    2088
    2105
    2106
    2127
    2135
    2117
    2118
    2162
    2100
    2043
    2017
    2110
    2092
    2141
    2041
    2126
    2087
    2051
    2074
    2029
    2093
    2140
    2081
    2155
    2095
    2107
    2144
    2222
    2130
    2022
    2240
    2161
    2107
    2091
    2115
    2097
    2088
    2181
    2073
    2179
    2122
    2190
    2121
    2087
    2214
    2167
    2148
    2139
    2133
    2032
    2055
    2074
    2062
    2036
    2105
    2035
    2141
    2198
    2139
    2097
    2195
    2188
    2106
    2098
    2128
    2075
    2122
    2024
    2081
    2129
    2113
    2078
    2096
    2032
    2030
    2159
    2183
    2113
    2098
    2067
    2045
    2086
    1986
    2131
    2077
    2073
    2237
    2099
    2079
    2090
    2080
    2100
    2021
    2145
    2084
    2160
    2080
    2072
    1998
    2042
    2116
    2109
    2080
    2096
    2139
    2151
    2124
    2148
    2180
    2046
    2036
    2140
    2062
    2141
    2117
