   16614
   16831
   16563
   16822
   16545
   16770
   16644
   16557
   16728
   16819
   16510
   16630
   17100
   16776
   16597
   16730
   16654
   16820
   16843
   16873
   16923
   16609
   16782
   16718
   16457
   16741
   16734
   16805
   16806
   16795
   16698
   16706
   16745
   16785
   16722
   16981
   16815
   16912
   16770
   16643
   16647
   16683
   16902
   16643
   16776
   16686
   16548
   16808
   16737
   16860
   16663
   16734
   16588
   16767
   16817
   16771
   16852
   16806
   16680
   16784
   17021
   16827
   16626
   16604
   16822
   16940
   16603
   16826
   16895
   16763
   16705
   16600
   16636
   16805
   16644
   16794
   16789
   16748
   16813
   16764
   16815
   16892
   16759
   16802
   16885
   16669
   16734
   16690
   16492
   16740
   16501
   16800
   16935
   16687
   16703
   16631
   16898
   16750
   16696
   16909
   16573
   16793
   16680
   16797
   16971
   16770
   16757
   16726
   16646
   16700
   16652
   16728
   16790
   16712
   16785
   16757
   16817
   16757
   16815
   16577
   16655
   16523
   16614
   16859
   16682
   16626
   16708
   16762
   16826
   16824
   16769
   16632
   16724
   16851
   16645
   16741
   16883
   16611
   16619
   16725
   16629
   16631
   16756
   16687
   16649
   16697
   16527
   16752
   16685
   16797
   16714
   16961
   16916
   16728
   16779
   16646
   16964
   16787
   16801
   16838
   16660
   16868
   16697
   16782
   17005
   16834
   16711
   16930
   16634
   16730
   16794
   16792
   16605
   16717
   16825
   16718
   16484
   16775
   16879
   16739
   16636
   16618
   16571
   16840
   16741
   16863
   16608
   16875
   16675
   16737
   16774
   16714
   16609
   16762
   16745
   16941
   16648
   16673
   16676
   16627
   16716
   16873
   16746
   16787
   16799
   16781
   16765
   16733
   16680
   16974
   16788
   16799
   16625
   16638
   16732
   16651
   16690
   16705
   16812
   16859
   16636
   16697
   16819
   16836
   16569
   16791
   16562
   16673
   16708
   16684
   16721
   16708
   16701
   16748
   16764
   16655
   16741
   16736
   16714
   16987
   16585
   16760
   16639
   16878
   16847
   16942
   16692
   16826
   16687
   16757
   16744
   16718
   16593
   16505
   16738
   16750
   16726
   16793
   16567
   16602
   16726
   16678
   16939
   16822
   16590
   16692
   16742
   16806
   16593
   16786
   16869
   16664
   16856
   16713
   16978
   16687
   16459
   16845
   16777
   16667
   16835
   16790
   16697
   16784
   16793
   16540
   16771
   16879
   16726
   16651
   16856
   16650
   16767
   16857
   16665
   16690
   16868
   16687
   16617
   16551
   16662
   16877
   16552
   16435
   16860
   16671
   16865
   16744
   16832
   16708
   16776
   16825
   16641
   16774
   16427
   16661
   16668
   16712
   16716
   16841
   16596
   16807
   16636
   16835
   16884
   16525
   16930
   16818
   16729
   17048
   16640
   16867
   16890
   16710
   17039
   16811
   16765
   16845
   16788
   16774
   16720
   16606
   16569
   16672
   16697
   16552
   16532
   16702
   16954
   16750
   16858
   16756
   16573
   16678
   16738
   16865
   16917
   16587
   16701
   16782
   16749
   16837
   16720
   16720
   16906
   16732
   16701
   16782
   16672
   16531
   16789
   16644
   16833
   16611
   16750
   16667
   16893
   16757
   16814
   16704
   16672
   16813
   16618
   16705
   16665
   16690
   16708
   16871
   16909
   16588
   16747
   16768
   16686
   16744
   16590
   16857
   16700
   16759
   16917
   16619
   16868
   16598
   16643
   16705
   16888
   16703
   16707
   16480
   16727
   16915
   16795
   16808
   16670
   16780
   16749
   16813
   16436
   16874
   16616
   16801
   16740
   16970
   16549
   16728
   16628
   16757
   16718
   16732
   16908
   16712
   16741
   16623
   16557
   16604
   16859
   16823
   16687
   16740
   16928
   16667
   16875
   16726
   16722
   16835
   16913
   16551
   16661
   16747
   16633
   16770
   16663
   16779
   16677
   16762
   16797
   16896
   16857
   16767
   16677
   16793
   16846
   16819
   16551
   16745
   16786
   16512
   16571
   16783
   16987
   16591
   16761
   16642
   16590
   16805
   16629
   16672
   16609
   16783
   16667
   16488
   16790
   16718
   16678
   16962
   16724
   16702
   16624
   16716
   16822
   16732
   16800
   16770
   16717
   16684
   16936
   16690
   16635
   16759
   16781
   16929
   16717
   16625
   16646
   16766
   16838
   16522
   16721
   16839
   16832
   16788
   16593
   16802
   16825
   16687
   16696
   16642
   16711
   16700
   16796
   16920
   16854
   16811
   16637
   16829
   16791
   16732
   16630
   16735
   16895
   16719
   16706
   16447
   16833
   16687
   16735
   16605
   16722
   16868
   16591
   16706
   16797
   16548
   16782
   16743
   16643
   16602
   16637
   16714
   16533
   16761
   16732
   16796
   16826
   16575
   16752
   16549
   16704
   16556
   16794
   16651
   16856
   16693
   16919
   16625
   16868
   16521
   16803
   16597
   16723
   16671
   16682
   16852
   16487
   16735
   16754
   16841
   16733
   16765
   16494
   16848
   16824
   16886
   16668
   16728
   16756
   16674
   16488
   16769
   16516
   16703
   16687
   16610
   16686
   16567
   16675
   16663
   16698
   16655
   16774
   16830
   16782
   16731
   16488
   16732
   16679
   16647
   16601
   16719
   16835
   16794
   16718
   16641
   16752
   16736
   16931
   16606
   16803
   16823
   16867
   16860
   16716
   16683
   16885
   16889
   16784
   16665
   16765
   16780
   16644
   16594
   16675
   16669
   16620
   16761
   16714
   16702
   16602
   16710
   16690
   16738
   16533
   16668
   16555
   16821
   16538
   16651
   16610
   16727
   16696
   16606
   16635
   16786
   16666
   16798
   16731
   16909
   16795
   16648
   16670
   16831
   16708
   16764
   16796
   16763
   16727
   16767
   16838
   16826
   16626
   16695
   16688
   16793
   16718
   16744
   16686
   16749
   16790
   16748
   16739
   16791
   16826
   16905
   16691
   16594
   16869
   16674
   16826
   16740
   16744
   16803
   16642
   16639
   16857
   16886
   16958
   16824
   16817
   16580
   16753
   16759
   16702
   16699
   16817
   16674
   16655
   16745
   16709
   16595
   16829
   16746
   16652
   16732
   16784
   16635
   16798
   16811
   16786
   16720
   16847
   16767
   16815
   16779
   16632
   16506
   16759
   16446
   16571
   16522
   16755
   16805
   16840
   16782
   16515
   16746
   16731
   16682
   17011
   16664
   16913
   16545
   16564
   16699
   16746
   16758
   16653
   16700
   16750
   16570
   16715
   16855
   16661
   16671
   16685
   16674
   16626
   16815
   16802
   16704
   16810
   16762
   16837
   16733
   16599
   16665
   16722
   16774
   16928
   16795
   16819
   16773
   16682
   16745
   16801
   16637
   16823
   16859
   16820
   16770
   16746
   16769
   16526
   16792
   16732
   16759
   16605
   16632
   16687
   16732
   16631
   16788
   16632
   16758
   16886
   16728
   16529
   16843
   16709
   16820
   16787
   16686
   16631
   16612
   16646
   16744
   16714
   16665
   16706
   16842
   16759
   16725
   16858
   16767
   16622
   16598
   16703
   16718
   16581
   16522
   16638
   16597
   16829
   16750
   16768
   16936
   16791
   16711
   16698
   16692
   16857
   16692
   16508
   16863
   16752
   16774
   16974
   16756
   16661
   16803
   16655
   16844
   16591
   16648
   16707
   16818
   16764
   16945
   16794
   16676
   16669
   16884
   16764
   16752
   16753
   16693
   16764
   16908
   16871
   16724
   16664
   16765
   16889
   16698
   16590
   16806
   16635
   16733
   16778
   16632
   16595
   16877
   16729
   16650
   16931
   16774
   16588
   16693
   16705
   16745
   16764
   16691
   16822
   16686
   16721
   16633
   16704
   16730
   16540
   16631
   16701
   16680
   16714
   16704
   16771
   16787
   16911
   16791
   16603
   16925
   16868
   16685
   16835
   16739
   16765
   16764
   16607
   16828
   16539
   16700
   16556
   16712
   16774
   16584
   16621
   16943
   16902
   16562
   16885
   16836
   16810
   16754
   16649
   16793
   16699
   16694
   16817
   16636
   16776
   16694
   16815
   16688
   16708
   16833
   16796
   16787
   16783
   16784
   16703
   16800
   16920
   16743
   16765
   16700
   16646
   16553
   16597
   16697
   16738
   16777
   16841
   16847
   16758
   16820
   16518
   16658
   16897
   16829
   16713
   16658
   16753
   16722
   16798
   16853
   16772
   16625
   16932
   16824
   16624
   16646
   16892
   16656
   16776
   16576
   16616
   16705
   16772
   16659
   16652
   16660
   16760
   16609
   16959
   16661
   16875
   16703
   16894
   16738
   16845
   17034
   16782
   16724
   16685
   16643
   16753
   16504
   16724
   16961
   16729
   16726
   16779
   16752
   16732
   16680
   16879
   16916
   16844
   16829
   16745
   16650
   16740
   16732
   16558
   16691
   16708
   16599
   16772
   16787
   16793
   16549
   16656
   16627
   16661
   16673
   16644
   17108
   16741
   16583
   16788
   16833
   16678
   16771
   17071
   16831
   16825
   16735
   16800
   16636
   16787
   16603
   16645
   16743
   16709
   16711
   16660
   16785
   16758
   16672
   16711
   16718
   16711
   16784
   16686
   16632
   16781
   16841
   16680
   16803
   16653
   16618
   16964
   16696
   16792
   16808
   16661
   16583
   16608
   16763
   16615
   16558
   16794
   16850
   16638
   16707
   16831
   16857
   16719
   16519
   16926
   16784
   16711
   16801
   16576
   16776
   16557
   16677
   16665
   16676
   16666
   16906
   16848
   16627
   16661
   16715
   16907
   16634
   16744
   16795
   16674
   16747
   16850
   16697
   16699
   16613
   16845
   16673
   16803
   16748
   16720
   16709
   16663
   16834
   16705
   16625
   16663
   16512
   16618
   16815
   16587
   16918
   16822
   16818
   16556
   16484
   16853
   16601
   16794
   16727
   16990
   16766
   16770
   16593
   16864
   16753
   16625
   16835
   16829
   16782
   16820
   16671
   16804
   16785
   16772
   16521
   16911
   16784
   16572
   16574
   16759
   16735
   16595
   16782
   16908
   16817
   17088
   16669
   16725
   16618
   16849
   16608
   16725
   16694
   16616
   16764
   16727
   16738
   16755
   16620
   16909
   16675
   16684
   16677
   16756
   16642
   16617
   16768
   16562
   16790
   16579
   16550
   16918
   16676
   16732
   16757
   16737
   16765
   16887
   16819
   16644
   16787
   16604
   16890
   16838
   16786
   16566
   16890
   16718
   16662
   16716
   16717
   16643
   16593
   16788
   16767
   16794
   16778
   16789
   16670
   16813
   16593
   16845
   16650
   16832
   16833
   16847
   16879
   16656
   16822
   16728
   16949
   16678
   16721
   16431
   16631
   16848
   16745
   16776
   16737
   16725
   16672
   16859
   16674
   16732
   16801
   16801
   16726
   16807
   16909
   16753
   16617
   16655
   16511
   16843
   16793
   16694
   16719
   16744
   16721
   16813
   16669
   16633
   16806
   16712
   16764
   16723
   16801
   16764
   16732
   16761
   16757
   16796
   16805
   16903
   16606
   16612
   16767
   16480
   16640
   16793
   16822
   16654
   16716
   16781
   16648
   16680
   16637
   16871
   16692
   16860
   16606
   16709
   16630
   16570
   16551
   16883
   16874
   16821
   16660
   16765
   16627
   16818
   16908
   16659
   16757
   16809
   16743
   16780
   16593
   16922
   16769
   16804
   16549
   16939
   16729
   16577
   16770
   16601
   16888
   16716
   16830
   16891
   16516
   16701
   16588
   16666
   16695
   16700
   16679
   16908
   16681
   16588
   16844
   16940
   16912
   16761
   16799
   16520
   16520
   16663
   16917
   16606
   16889
   16602
   16776
   16695
   16798
   16822
   16665
   16757
   16766
   16760
   16708
   16721
   16684
   16707
   16601
   16738
   16595
   16571
   16679
   16532
   16716
   16824
   16788
   16644
   16650
   16691
   16740
   16762
   16668
   16925
   16666
   16623
   16768
   16817
   16553
   16690
   16898
   16777
   16772
   16587
   16616
   16640
   16666
   16913
   16831
   16730
   16734
   16834
   16630
   16642
   16749
   16709
   16880
   16762
   16763
   16851
   16653
   16700
   16697
   16856
   16713
   16762
   16684
   16693
   16845
   16713
   16783
   16731
   16523
   16715
   16808
   16696
   16812
   16694
   16679
   16611
   16771
   16636
   16791
   16771
   16706
   16517
   16929
   16687
   16545
   17000
   16844
   16777
   16758
   16948
   16753
   16705
   16811
   16704
   16488
   16624
   16733
   16686
   16720
   16989
   16645
   16734
   16579
   16573
   16739
   16635
   16750
   16650
   16751
   16759
   16777
   16613
   16912
   16806
   16785
   16806
   16801
   16576
   16642
   16827
   16956
   16625
   16935
   16444
   16462
   16672
   16747
   16728
   16836
   16606
   17010
   16621
   16650
   16743
   16790
   16792
   16797
   16798
   16563
   16755
   16753
   16553
   16670
   16868
   16540
   16784
   16668
   16644
   16722
   16571
   16946
   16747
   16669
   16745
   16636
   16853
   16514
   16781
   16858
   16600
   16613
   16665
   16634
   16873
   16758
   16771
   16716
   16656
   16823
   16843
   16763
   16524
   16697
   16545
   16820
   16661
   16776
   16775
   16890
   16945
   16897
   16784
   16660
   16700
   16498
   16618
   16663
   16853
   16920
   16777
   16757
   16497
   16696
   16953
   16796
   16649
   16617
   16627
   16925
   16815
   16563
   16865
   16930
   16644
   16697
   16500
   16655
   16779
   16712
   16805
   16811
   16749
   16662
   16634
   16776
   16797
   16541
   16697
   16826
   16971
   16713
   16745
   16824
   16727
   16792
   16716
   16693
   16580
   16866
   16958
   16852
   16755
   17059
   16867
   16840
   16825
   16888
   16827
   16515
   16771
   16851
   16680
   16685
   16711
   16709
   16673
   16713
   17002
   16709
   16504
   16594
   16796
   16640
   16562
   16711
   16723
   16637
   16759
   16984
   16727
   16636
   16714
   16742
   16634
   16642
   16892
   16828
   16709
   16837
   16714
   16867
   16648
   16933
   16802
   16768
   16629
   16725
   16811
   16706
   16879
   16746
   16720
   16634
   16736
   16703
   16814
   16792
   16632
   16769
   16720
   16669
   16811
   16713
   16982
   16536
   16723
   16884
   16891
   16696
   16825
   16662
   16664
   16802
   16755
   16775
   16666
   16688
   16656
   16638
   16868
   16787
   16590
   16895
   16791
   16581
   16559
   16591
   16905
   16559
   16640
   16856
   16798
   16703
   16679
   16550
   16796
   16664
   16796
   16895
   16618
   16636
   16656
   16578
   16617
   16790
   16677
   16705
   16699
   16803
   16668
   16720
   16824
   16707
   16922
   16934
   16586
   16758
   16732
   16813
   16757
   16729
   16775
   16686
   16630
   16618
   16815
   16763
   16584
   17018
   16722
   16629
   16709
   16611
   16866
   16899
   16555
   16759
   16632
   16895
   16747
   16593
   16761
   16591
   16844
   16574
   16804
   16897
   16773
   16629
   16756
   16808
   16815
   16913
   16686
   16738
   16657
   16848
   16642
   16581
   16638
   16811
   16766
   16742
   16587
   16649
   16703
   16597
   16655
   16813
   16806
   16760
   16635
   16798
   16781
   16681
   16842
   16735
   16766
   16682
   16806
   16893
   16891
   16854
   16770
   16727
   16629
   16683
   16959
   16850
   16589
   16546
   16851
   16700
   16840
   16507
   16919
   16608
   16297
   16766
   16759
   16768
   16658
   16798
   16704
   16713
   16627
   16588
   16594
   16720
   16677
   16605
   16707
   16768
   16652
   16625
   16822
   16860
   16898
   16882
   16798
   16703
   16552
   16648
   16692
   16779
   16731
   16740
   16857
   16622
   16637
   16762
   16981
   16657
   16888
   16715
   16752
   16708
   16673
   16664
   16787
   16832
   16668
   16880
   16669
   16673
   16623
   16857
   16879
   16621
   16820
   16652
   16791
   16722
   16888
   16781
   16912
   16771
   16656
   16781
   16775
   16645
   16582
   16621
   16744
   16875
   16634
   16692
   16813
   16865
   16888
   16816
   16684
   16850
   16862
   16755
   16731
   16670
   16720
   16682
   16736
   16568
   16727
   16822
   16702
   16526
   16724
   16677
   16721
   16589
   16817
   16712
   16597
   16771
   16737
   16655
   16663
   16817
   16852
   16902
   16816
   16784
   16685
   16606
   16860
   16875
   16774
   16769
   16785
   16503
   16790
   16975
   16537
   16596
   16717
   16826
   16700
   16526
   16770
   16572
   16859
   16876
   16786
   16720
   16869
   16743
   16659
   16569
   16574
   16827
   16971
   16623
   16505
   16553
   16654
   16918
   16734
   16776
   16674
   16787
   16752
   16436
   16911
   16945
   16750
   16682
   16747
   16720
   16703
   16790
   16676
   16611
   16648
   16859
   16887
   16758
   16671
   16671
   16808
   16770
   16627
   16673
   16751
   16687
   16724
   16545
   16667
   16790
   16903
   16811
   16703
   16745
   16790
   16573
   16711
   16778
   16828
   16723
   16771
   16694
   16914
   16594
   16734
   16537
   16758
   16722
   16668
   16758
   16748
   16507
   16751
   16568
   16581
   16836
   16932
   16666
   16726
   16845
   16713
   16680
   16751
   16803
   16709
   16757
   16827
   16851
   16837
   16648
   16738
   16620
   16694
   16736
   16671
   16607
   16813
   16659
   16754
   16754
   16790
   16645
   16630
   16700
   16579
   16761
   16692
   16756
   16771
   16752
   16791
   16621
   16697
   16682
   16839
   16674
   16746
   16681
   16866
   16708
   16787
   16792
   16741
   16746
   16828
   16965
   16787
   16714
   16886
   16827
   16562
   16673
   16852
   16906
   16701
   16648
   16812
   16714
   16689
   16688
   16736
   16936
   16750
   16704
   16687
   16629
   16614
   16633
   16806
   16727
   16701
   16731
   17044
   16798
   16747
   16698
   16765
   16869
   16623
   16896
   16532
   16616
   16956
   16711
   16923
   16898
   16671
   16552
   16557
   16819
   16652
   16697
   16844
   16675
   16517
   16735
   16680
   16836
   16674
   16746
   16737
   16709
   16623
   16666
   16836
   16646
   16648
   16683
   16706
   16837
   16620
   16674
   16623
   16632
   16681
   16616
   16709
   16644
   16665
   16670
   16822
   16734
   16603
   16628
   16850
   16763
   16613
   16669
   16700
   16923
   16757
   16541
   16682
   16744
   16771
   16856
   16600
   16736
   16593
   16807
   16796
   16735
   16558
   16858
   16685
   16840
   16656
   16794
   16732
   16802
   16759
   16678
   16907
   16812
   16731
   16831
   16638
   16570
   16898
   16831
   16739
   16646
   16733
   16767
   16676
   16739
   16543
   16963
   16682
   16979
   16710
   16754
   16841
   16764
   16771
   16868
   16902
   16594
   16866
   16742
   16620
   16761
   16551
   16618
   16639
   16652
   16794
   16775
   16786
   16661
   16657
   16657
   16660
   16608
   16788
   16551
   16590
   16763
   16555
   16688
   16825
   16756
   16560
   16478
   16399
   16663
   16713
   16663
   16757
   16841
   16713
   16637
   16571
   16816
   16803
   16762
   16767
   16834
   16816
   16748
   16679
   16640
   16744
   16445
   16784
   16801
   16824
   16640
   16769
   16648
   16634
   16845
   16586
   16817
   16577
   16924
   16645
   16859
   16843
   16824
   16817
   16717
   16488
   16706
   16933
   16868
   16604
   16565
   16812
   16827
   16792
   16922
   16575
   16504
   16789
   16730
   16761
   16597
   16698
   16908
   16756
   16752
   16704
   16841
   16771
   16869
   16718
   16647
   16541
   16676
   16634
   16899
   16740
   16794
   16855
   16924
   17027
   16675
   16763
   16677
   16693
   16695
   16728
   16723
   16588
   16654
   16931
   16741
   16731
   16811
   16914
   16698
   16763
   16642
   16797
   16740
   16758
   16766
   16817
   16734
   16731
   16620
   16776
   16609
   16615
   16838
   16636
   16748
   16846
   16742
   16722
   16679
   16670
   16813
   16912
   16790
   16438
   16731
   16823
   16514
   16855
   16845
   16717
   16691
   16632
   16773
   16559
   16543
   16780
   16731
   16906
   16889
   16720
   16661
   16779
   16733
   16743
   16653
   16788
   16746
   16872
   16584
   16779
   16907
   16668
   16524
   16800
   16702
   16745
   16669
   16704
   16791
   16649
   16768
   16800
   16706
   16570
   16916
   16745
   16923
   16670
   16496
   16818
   16934
   16817
   16854
   16818
   16733
   16782
   16741
   16744
   16562
   16909
   16692
   16701
   16651
   16883
   16955
   16694
   16523
   16800
   16703
   16569
   16758
   16617
   16548
   16628
   16750
   16859
   16609
   16789
   16710
   16851
   16751
   16743
   16553
   16767
   16758
   16747
   16491
   16850
   16731
   16559
   16880
   16688
   16738
   16737
   16541
   16515
   16630
   16652
   16702
   16563
   16649
   16714
   16800
   16862
   16589
   16823
   16692
   17008
   16545
   16822
   16747
   16685
   16611
   16777
   16845
   16653
   16690
   16706
   16898
   16786
   16768
   16594
   16769
   16694
   16699
   16904
   16942
   16565
   16751
   16965
   16644
   16663
   16822
   16631
   16737
   16916
   16681
   16734
   16568
   16796
   16544
   16673
   16807
   16652
   16736
   16670
   16667
   16863
   16820
   16688
   16908
   16886
   16829
   16888
   16753
   16435
   16818
   16622
   16691
   16627
   16741
   16676
   16660
   16765
   16855
   16638
   16834
   16831
   16648
   16748
   16791
   16741
   16655
   16870
   16723
   16571
   16533
   16509
   16770
   16711
   16630
   16749
   16799
   16642
   16780
   16739
   16743
   16811
   16822
   16788
   16612
   16693
   16834
   16793
   16598
   16665
   16755
   16507
   16834
   16704
   16777
   16813
   16605
   16614
   16881
   16789
   16715
   16708
   16520
   16610
   16710
   16684
   16823
   16993
   16680
   16698
   16790
   16885
   16658
   16781
   16761
   16627
   16733
   16796
   16848
   16890
   16556
   16678
   16894
   16734
   16682
   16687
   16751
   16805
   16778
   16505
   16775
   16929
   16588
   16792
   16814
   16720
   17008
   16723
   16835
   16679
   16719
   16827
   16759
   16759
   16751
   16812
   16709
   16720
   16672
   16613
   16825
   16652
   16737
   16759
   16773
   16843
   16547
   16675
   16606
   16684
   16614
   16840
   16532
   16779
   16759
   16952
   16775
   16752
   16789
   16603
   16902
   16757
   16630
   16730
   16836
   16823
   16731
   16830
   16759
   16873
   16721
   16567
   16768
   16937
   16712
   16660
   16817
   16739
   16702
   16715
   16751
   16711
   16791
   16742
   16626
   16544
   16700
   16623
   16601
   16739
   16795
   16783
   16808
   16814
   16499
   16757
   16501
   16640
   16608
   16539
   16575
   16769
   16509
   16762
   16906
   16875
   16658
   16754
   16769
   16774
   16897
   16727
   16819
   16840
   16739
   16750
   16613
   16806
   16782
   16768
   16609
   16683
   16696
   16622
   16878
   16787
   16880
   16857
   16641
   16978
   16767
   16579
   16713
   16851
   16826
   16552
   16742
   16612
   16537
   16783
   16669
   16965
   17041
   16831
   16637
   16632
   17059
   16805
   16655
   16711
   16711
   16796
   16807
   16895
   16680
   16822
   16620
   16769
   16759
   16687
   16641
   16707
   16837
   16515
   16971
   16570
   16652
   16763
   16766
   16933
   16996
   16911
   16620
   16637
   17043
   16771
   16837
   16605
   16471
   16584
   17027
   16853
   16848
   16777
   16770
   16822
   16821
   16688
   16702
   16981
   16936
   16704
   16583
   16692
   16867
   16598
   16741
   16556
   16724
   16914
   16632
   16682
   16743
   16761
   16786
   16817
   16714
   16609
   16565
   16673
   16799
   16752
   16663
   16864
   16707
   16657
   16717
   16659
   16729
   16792
   16529
   16690
   16704
   16757
   16559
   16835
   16544
   16649
   16901
   16874
   16810
   16935
   16662
   16659
   16819
   16595
   16521
   16907
   16645
   16678
   16808
   16767
   16790
   16675
   16996
   16888
   16905
   16638
   16763
   16699
   16744
   16790
   16556
   16495
   16660
   16718
   16761
   16807
   16687
   16758
   16614
   16601
   16840
   16671
   16702
   16831
   16674
   16779
   16622
   16793
   16660
   16601
   16680
   16813
   16782
   16742
   16801
   16781
   16696
   17087
   16826
   16816
   16920
   16770
   16745
   16765
   16759
   16853
   16802
   16721
   16627
   16762
   16801
   16950
   16862
   16898
   16883
   16666
   16755
   16801
   16814
   16642
   16810
   16722
   16687
   16559
   16793
   16723
   16645
   16789
   16754
   16749
   16783
   16765
   16737
   16768
   16757
   16691
   16639
   16690
   16535
   16585
   16575
   16790
   16752
   16792
   16810
   16799
   16675
   16778
   16658
   16646
   16512
   16601
   16764
   16801
   16925
   16604
   16645
   16563
   16946
   16817
   16678
   16728
   16743
   16762
   16782
   16698
   16659
   16534
   16679
   16903
   16736
   16833
   16539
   16742
   16868
   16790
   16587
   16528
   16695
   16893
   16926
   16898
   16572
   16680
   16737
   16806
   16625
   16664
   16412
   16603
   16744
   16956
   16875
   16688
   16677
   16938
   16882
   16717
   16705
   16728
   16782
   16652
   16768
   16598
   16731
   16608
   16875
   16647
   16826
   16707
   16715
   16901
   16597
   16414
   16853
   16638
   16686
   16719
   16702
   16408
   16659
   16946
   16584
   16698
   16802
   16688
   16750
   16649
   16767
   16798
   16631
   16708
   16758
   16748
   16630
   16561
   16772
   16804
   16630
   16962
   16934
   16792
   16556
   16722
   16840
   16816
   16806
   16749
   16773
   16764
   16822
   16728
   16815
   17027
   16463
   16824
   16857
   16827
   16800
   16728
   16562
   16725
   16871
   16593
   16791
   16711
   16844
   16740
   16898
   16747
   16829
   16718
   16864
   16594
   16785
   16799
   16869
   16738
   16578
   16889
   16882
   16493
   16643
   16841
   16635
   16589
   16716
   16690
   16722
   16741
   16662
   16710
   16822
   16832
   16824
   16794
   16704
   16851
   16773
   16865
   16948
   16997
   16677
   16730
   16867
   16755
   17001
   16698
   16925
   16891
   16779
   16944
   16771
   16578
   16644
   16990
   16609
   16665
   16814
   16837
   16886
   16696
   16816
   16694
   16736
   16613
   17039
   16537
   16660
   16755
   16770
   16867
   16783
   16754
   16755
   16749
   16865
   16776
   16765
   16793
   16827
   16773
   16978
   16866
   16602
   16772
   16600
   16684
   17001
   16537
   16722
   16970
   16783
   16890
   16746
   16726
   16758
   16715
   16768
   16749
   16787
   16997
   16840
   16869
   16747
   16744
   16682
   16683
   16676
   16794
   16862
   16944
   16752
   16929
   16566
   16817
   16817
   16645
   16620
   16724
   16843
   16565
   16855
   16590
   16827
   16978
   16851
   16710
   16806
   16682
   16562
   16803
   16745
   16469
   16959
   16841
   16682
   16717
   16842
   16922
   16566
   16692
   16620
   17006
   16770
   16716
   16788
   16691
   16690
   16738
   16798
   16696
   17011
   16655
   16747
   16927
   16800
   16583
   16897
   16729
   16871
   16738
   16692
   16767
   16893
   16856
   16819
   16734
   16654
   16798
   16685
   16625
   16800
   16530
   16938
   16775
   17014
   16498
   16636
   16745
   16703
   16851
   16924
   16562
   16926
   16809
   16667
   16870
   16776
   16613
   16638
   16459
   16631
   16701
   16977
   16437
   16794
   16726
   16899
   16735
   16771
   16835
   16612
   16756
   16736
   16715
   16736
   16864
   16807
   16493
   16814
   16705
   16698
   16767
   16584
   16804
   16575
   16779
   16611
   16833
   16723
   16658
   16830
   16582
   16750
   16958
   16644
   16791
   16718
   16738
   16548
   16546
   16980
   16951
   16785
   16763
   16698
   16634
   16790
   16842
   16810
   16906
   16780
   16861
   16497
   16649
   16747
   16549
   16866
   16723
   16677
   16643
   16759
   16759
   16713
   16795
   16685
   16769
   16743
   16791
   16587
   16730
   16875
   16658
   16869
   16737
   16788
   16693
   16669
   16876
   16596
   16684
   16667
   16742
   16709
   16824
   16958
   16838
   16929
   16641
   16773
   16578
   16857
   16682
   16861
   16855
   16795
   16727
   16943
   16718
   16847
   16644
   16646
   16587
   16662
   16796
   16801
   16613
   16703
   16887
   16837
   16543
   16547
   16663
   16704
   16778
   16774
   16787
   16573
   16791
   16665
   16960
   16866
   16783
   16859
   16644
   16509
   16717
   16693
   16785
   16682
   16675
   16726
   16871
   16821
   16637
   16847
   16754
   16683
   16658
   16773
   16873
   16715
   16766
   16878
   16804
   16695
   16667
   16731
   16737
   16898
   16724
   16608
   16722
   16947
   16697
   16840
   17001
   16704
   16767
   16749
   16580
   16601
   16675
   16937
   16727
   16720
   16691
   16663
   16837
   16570
   16655
   16615
   16772
   16892
   16684
   16720
   16814
   16832
   16763
   16808
   16718
   16936
   16654
   16535
   16637
   16765
   16768
   16547
   16638
   16810
   16654
   16680
   16762
   16763
   16714
   16954
   16380
   16786
   16757
   16845
   16599
   16655
   16739
   16739
   16795
   16911
   16717
   16665
   16925
   16889
   16671
   16557
   17019
   16646
   16674
   16952
   16870
   16790
   16992
   16773
   16729
   16736
   17008
   16767
   16624
   16676
   16621
   16895
   16698
   16648
   16895
   16704
   16748
   16844
   16745
   16716
   16696
   16882
   16564
   16792
   16723
   16793
   16840
   16652
   16419
   16472
   16991
   16715
   16624
   16784
   16849
   16725
   16799
   16651
   16737
   16674
   16781
   16591
   16742
   16792
   16624
   16702
   16730
   16728
   16860
   16647
   16701
   16790
   16727
   16498
   16776
   16637
   16747
   16699
   16395
   16718
   16765
   16681
   16613
   16603
   16604
   16535
   16424
   16819
   16810
   16782
   16751
   16554
   16511
   16753
   16816
   16669
   16827
   16779
   16578
   16783
   16658
   16889
   16852
   16767
   16630
   16810
   16624
   16664
   16715
   16534
   16832
   16858
   16389
   16682
   16773
   16643
   16864
   16631
   16607
   16762
   16646
   16648
   16754
   16881
   16622
   16693
   16702
   16567
   16573
   16684
   16846
   16559
   16643
   16845
   16765
   16689
   16699
   16703
   16501
   16767
   16763
   16581
   16647
   16844
   16743
   16818
   16753
   16664
   16816
   16890
   16718
   16878
   16730
   16810
   16806
   16789
   16643
   16665
   16802
   16936
   16768
   16575
   16545
   16797
   16734
   16657
   16727
   16660
   16926
   16749
   16947
   16630
   16724
   16578
   16634
   17002
   16594
   16829
   17048
   16808
   16735
   16718
   16655
   16869
   16875
   16815
   16955
   16817
   16650
   16713
   16636
   16865
   16788
   16877
   16587
   16727
   16815
   16764
   16747
   16859
   16869
   16678
   16769
   16847
   16689
   16976
   16659
   16727
   16600
   16718
   16685
   16688
   16808
   16846
   16543
   16722
   16949
   16760
   16735
   16702
   16915
   16596
   16680
   16619
   16811
   16611
   16846
   16765
   16735
   16818
   16571
   16673
   16927
   16671
   16598
   16581
   16770
   16725
   16778
   16655
   16847
   16562
   16703
   16881
   16578
   16852
   16747
   16532
   16753
   16602
   16637
   16823
   16864
   16707
   16830
   16529
   16813
   16793
   16721
   16620
   16873
   16708
   16689
   16761
   16535
   17018
   16682
   16780
   16951
   16823
   16725
   16592
   16644
   16723
   16699
   16771
   16696
   16860
   16829
   16887
   16766
   16518
   16692
   16811
   16682
   16744
   16737
   16681
   16698
   16634
   16761
   16757
   16609
   16638
   17000
   16732
   16900
   16807
   16818
   16648
   16761
   16802
   16678
   16822
   16871
   16748
   16713
   16675
   16714
   16720
   16670
   16784
   16811
   16637
   16659
   16619
   16568
   16787
   16644
   16952
   16621
   16672
   17019
   16656
   16748
   16668
   16789
   16702
   16878
   16590
   16615
   16938
   16615
   16469
   16825
   16826
   16770
   16647
   16846
   16930
   16725
   16603
   16637
   16926
   16624
   16859
   17085
   16847
   16630
   16602
   16627
   16746
   16668
   16768
   16635
   16950
   16860
   16773
   16970
   16705
   16758
   16614
   16866
   16628
   16637
   16569
   16829
   16664
   16531
   16854
   16771
   16782
   16671
   16903
   16750
   16763
   16646
   16710
   16778
   16742
   16684
   16651
   16648
   16700
   16778
   16795
   16588
   16811
   16791
   16658
   16815
   16641
   16733
   16505
   16714
   16778
   16693
   16649
   16763
   16763
   16877
   16780
   16818
   16904
   16788
   16723
   16932
   16773
   16716
   16700
   16659
   16732
   16691
   16775
   16731
   16786
   16620
   17000
   16950
   16945
   16780
   16702
   16569
   16601
   16488
   16622
   16583
   16854
   16757
   16726
   16814
   16706
   16660
   16661
   16681
   16616
   16643
   16958
   16825
   16658
   16809
   16673
   16754
   16861
   16681
   16837
   16795
   16677
   16699
   16841
   16831
   16613
   16670
   16719
   16787
   16702
   16677
   16981
   16760
   16610
   16629
   16645
   16766
   16624
   16537
   16748
   16840
   16655
   16655
   16514
   16722
   16530
   16797
   16738
   16868
   16645
   16888
   16827
   16807
   16848
   16817
   16842
   16704
   16685
   16980
   16777
   16886
   16594
   16718
   16550
   16682
   16674
   16794
   16714
   16818
   16603
   16790
   16825
   16804
   16796
   16451
   16966
   16588
   16805
   16664
   16603
   16735
   16619
   16736
   16736
   16707
   16856
   16724
   16551
   16915
   16722
   16788
   16550
   16756
   16768
   16677
   16956
   16697
   16703
   16717
   16724
   16979
   16738
   16630
   16613
   16803
   16762
   16801
   16935
   16814
   16727
   16765
   16852
   16846
   16749
   16902
   16786
   16771
   16541
   16846
   16706
   16779
   16718
   16877
   16825
   16796
   16695
   16912
   16633
   16814
   16682
   16591
   16642
   16794
   16800
   16438
   16661
   16666
   16773
   16521
   16923
   16953
   16671
   16647
   16785
   16680
   16697
   16811
   16713
   16734
   16997
   16755
   16845
   16882
   16794
   16736
   16638
   16699
   16783
   16823
   16665
   16556
   16786
   16690
   16717
   16921
   16807
   16749
   16699
   16627
   16789
   16594
   16847
   16680
   16834
   16790
   16659
   16621
   16677
   16700
   16693
   16813
   16844
   16652
   16506
   16671
   16596
   16653
   16900
   16760
   16682
   16845
   16828
   16610
   16747
   17047
   16647
   16800
   16738
   16642
   16664
   16710
   16573
   16903
   16619
   16904
   16757
   16612
   16871
   16818
   16846
   16633
   16716
   16682
   16741
   16553
   16617
   16628
   16815
   16719
   16628
   16620
   16900
   16950
   17020
   16795
   16824
   16773
   16818
   16659
   16797
   16790
   16643
   16719
   16825
   16717
   16895
   16703
   16949
   16743
   16595
   16764
   16822
   16812
   16879
   16733
   16722
   16743
   16809
   16723
   16712
   16801
   16926
   16715
   16603
   16683
   16532
   16699
   16633
   16878
   16744
   16748
   16773
   16725
   16931
   16734
   16719
   16676
   16807
   16796
   16608
   16754
   16715
   16760
   16841
   16662
   16696
   16739
   16564
   16941
   16527
   16946
   16624
   16663
   16679
   16659
   16755
   16735
   16696
   16726
   16786
   16929
   16935
   16639
   16474
   16608
   16735
   16829
   16842
   16629
   16712
   16758
   16696
   16695
   16949
   16786
   16875
   16972
   16802
   16628
   16808
   16799
   16594
   16687
   16782
   16762
   16931
   16822
   16589
   16683
   16760
   16767
   16557
   16803
   16630
   16598
   16628
   16707
   16701
   16886
   16516
   16755
   16874
   16583
   16823
   16708
   16714
   16601
   16853
   16767
   16757
   16812
   16637
   16764
   16675
   16645
   16625
   16652
   16812
   16750
   16613
   16786
   16706
   16725
   16682
   16618
   16695
   16929
   16856
   16899
   16594
   16810
   16808
   16779
   16642
   16779
   16770
   16653
   16705
   16845
   16603
   16691
   16720
   16661
   16732
   16995
   16925
   16713
   16817
   16606
   16696
   16804
   16633
   16478
   16701
   16705
   16694
   16859
   16628
   16728
   16522
   16660
   16859
   16740
   16661
   16685
   16756
   16573
   16709
   16585
   16697
   16620
   16765
   16662
   16635
   16693
   16774
   16730
   16787
   16891
   16874
   16831
   16881
   16566
   16522
   16742
   16695
   16738
   16565
   16676
   16669
   16939
   16691
   16709
   16660
   16825
   16747
   16668
   16685
   16825
   16801
   16625
   16674
   16743
   16557
   16719
   16823
   16746
   16639
   16754
   16610
   16694
   16764
   16670
   16638
   16669
   16735
   16904
   16526
   16963
   16748
   16642
   16825
   16914
   16762
   16760
   16575
   16750
   16510
   16563
   16703
   16882
   16747
   16789
   16722
   16808
   16646
   16651
   16769
   16853
   16705
   16797
   16663
   16490
   16533
   16406
   16801
   16841
   16818
   16820
   16610
   16828
   16610
   16617
   16842
   16550
   16606
   16807
   16792
   16686
   16689
   16598
   16596
   16642
   16796
   16751
   16943
   16714
   16636
   16782
   16671
   16842
   16831
   16815
   16853
   16734
   16679
   16757
   16641
   16683
   16809
   16791
   16686
   16658
   16775
   16599
   16712
   16799
   16906
   16622
   16793
   16727
   16909
   16784
   16792
   16816
   16731
   16751
   16669
   16720
   16586
   16764
   16839
   16933
   16643
   16886
   16945
   16863
   16760
   16836
   16549
   16749
   16563
   16764
   16771
   16636
   16800
   16684
   16783
   16734
   16787
   16799
   16822
   16612
   16773
   16851
   16851
   16811
   16737
   16596
   16809
   16809
   16710
   16757
   16832
   16637
   16618
   16704
   16629
   16739
   16696
   16926
   16784
   16659
   16921
   16799
   16651
   16859
   16757
   16811
   16610
   16605
   16919
   16698
   16714
   16656
   16597
   16902
   16567
   16637
   16714
   16754
   16881
   16676
   16646
   16742
   16697
   16829
   16864
   16881
   16593
   16842
   16699
   16444
   16900
   16678
   16858
   16758
   16743
   16869
   16644
   16726
   16638
   16679
   16655
   16715
   16855
   16619
   16610
   16864
   16789
   16504
   17086
   16728
   16760
   16982
   16761
   16662
   16920
   16833
   16806
   16643
   16716
   16874
   16709
   16920
   16529
   16494
   16745
   16747
   16694
   16755
   16881
   16959
   16625
   16900
   16853
   16701
   16712
   16607
   16745
   16792
   16839
   16944
   16624
   16714
   16666
   16792
   16522
   16731
   16721
   16621
   16967
   16647
   16852
   16787
   16993
   16573
   16788
   16729
   16850
   16846
   16714
   16614
   16750
   16648
   16653
   16731
   16909
   16905
   16749
   16783
   16941
   16530
   16657
   16814
   16666
   16676
   16769
   16760
   16649
   16556
   16843
   16654
   16610
   16694
   16838
   16688
   16714
   16746
   16669
   16852
   16534
   16766
   16744
   16754
   16838
   16741
   16697
   16611
   16779
   16760
   16664
   16781
   16685
   16475
   16673
   16795
   16733
   16871
   16891
   16702
   16519
   16641
   16823
   16701
   16649
   16562
   16607
   16727
   16719
   16668
   16627
   16544
   16515
   16796
   16452
   16588
   16620
   16948
   16713
   16817
   16872
   16684
   16810
   16635
   16693
   16786
   16724
   16817
   16728
   16697
   16897
   16720
   16813
   16911
   16674
   16844
   16829
   16828
   16779
   16563
   16869
   16634
   16589
   16635
   16581
   16695
   16470
   16886
   16766
   16793
   16740
   16985
   16703
   16747
   16730
   16712
   16648
   16574
   16664
   16606
   16657
   16659
   16751
   16683
   16764
   16825
   16790
   16647
   16478
   16738
   16742
   16803
   17043
   16619
   16899
   16892
   16621
   16606
   16681
   16747
   16716
   16697
   16661
   16572
   16687
   16647
   16850
   16635
   16822
   16766
   16819
   16742
   16712
   16671
   16858
   16906
   16722
   16800
   16913
   16724
   16616
   16774
   16612
   16859
   16667
   16615
   16711
   16856
   16669
   16808
   16771
   16721
   16724
   16618
   17017
   16695
   16822
   16637
   16883
   16829
   16616
   16749
   16865
   16815
   16792
   16765
   16564
   16744
   16644
   16623
   16775
   16831
   16853
   16756
   16716
   16715
   16794
   16713
   16911
   16701
   16683
   16688
   16585
   16666
   16606
   16777
   16623
   16706
   16513
   16656
   16719
   16664
   16651
   16820
   16778
   16803
   16534
   16670
   16764
   16640
   16634
   16969
   16699
   16703
   16738
   16566
   16669
   16591
   16794
   16673
   16920
   16770
   16751
   16692
   16744
   16900
   16590
   16823
   16840
   16784
   16780
   16796
   16724
   16842
   16761
   16652
   16510
   16772
   16988
   16846
   16876
   16818
   16605
   16889
   16884
   16734
   16741
   16647
   16735
   16800
   16620
   16722
   16600
   16720
   16800
   16759
   16518
   16829
   16710
   16715
   16688
   16651
   16595
   16724
   16690
   16728
   16686
   16734
   16808
   16853
   16658
   16714
   16620
   16793
   16723
   16735
   16563
   16791
   16834
   16982
   16622
   16658
   16682
   16771
   16870
   16675
   16795
   16808
   16704
   16734
   16672
   16770
   16717
   16882
   16825
   16890
   16684
   16786
   16855
   16692
   16584
   16569
   17015
   16616
   16668
   16824
   16802
   16918
   16559
   16720
   16728
   16687
   16660
   16472
   16701
   16720
   16615
   16694
   16612
   16679
   16790
   16871
   16948
   16806
   16580
   16515
   16780
   16644
   16615
   16724
   16686
   16697
   16730
   16666
   16935
   16802
   16651
   16714
   16764
   16535
   16700
   16653
   16844
   16625
   16725
   16612
   16819
   16581
   16544
   16829
   16909
   16785
   16841
   16741
   16700
   16546
   16747
   16644
   16727
   16705
   16748
   16670
   16685
   16851
   16640
   16684
   16956
   16742
   16860
   16703
   16546
   16677
   16615
   16710
   16736
   16632
   16491
   16762
   16887
   16711
   16667
   16846
   16620
   16635
   16899
   16555
   16742
   16678
   16730
   16616
   16624
   16956
   16717
   16931
   16735
   16744
   16800
   17013
   16785
   16706
   16706
   16883
   16580
   16671
   16651
   16867
   16755
   16727
   16835
   16733
   16621
   16816
   16772
   16778
   16961
   16659
   16529
   16811
   16831
   16667
   16707
   16884
   16960
   17007
   16746
   16647
   16712
   16811
   16710
   17028
   16730
   16594
   16914
   16851
   16790
   16769
   16844
   16614
   16857
   16861
   16853
   16830
   16835
   16814
   16776
   16917
   16771
   16647
   16603
   16721
   16478
   16715
   16821
   16363
   16820
   16775
   16806
   16600
   16714
   16695
   16797
   16824
   16720
   16750
   16569
   16746
   16752
   16647
   16910
   16688
   16699
   16707
   16820
   16734
   16617
   16662
   16942
   16534
   16485
   16736
   16794
   16532
   16665
   16764
   16892
   16896
   16687
   16813
   16525
   16611
   16835
   16942
   16777
   16745
   16792
   16773
   16735
   16910
   16623
   16894
   16897
   16754
   16613
   16809
   16621
   16636
   16919
   16546
   16797
   16918
   16685
   16629
   16705
   16737
   16817
   16475
   16685
   16782
   16605
   16756
   16722
   16784
   16852
   16611
   16830
   16847
   16838
   16614
   16883
   16583
   16755
   16708
   16812
   16648
   16783
   16661
   16654
   16845
   16628
   16712
   16850
   16790
   16878
   16800
   16817
   16734
   16632
   16819
   16723
   16771
   16812
   16511
   16697
   16899
   16670
   16839
   16760
   16595
   16604
   16859
   16939
   16784
   16779
   16904
   16925
   16811
   16593
   16631
   16898
   16896
   16766
   16915
   16783
   16782
   16704
   16671
   16652
   16844
   16826
   16911
   16703
   16868
   16833
   16662
   16643
   16646
   16781
   16786
   16604
   16451
   16735
   16539
   16779
   16745
   16894
   16922
   16793
   16852
   16757
   16766
   16762
   16518
   16570
   16562
   16643
   16717
   16541
   16665
   16838
   16905
   16762
   16753
   16874
   16820
   16684
   16601
   16677
   16663
   16574
   16562
   16812
   16874
   16766
   16786
   16651
   16745
   16813
   16687
   16701
   16717
   16664
   16733
   16748
   16795
   16771
   16554
   16862
   16831
   16792
   16768
   16835
   16767
   16772
   16783
   16714
   16538
   16669
   16608
   16726
   16726
   16663
   16609
   16858
   16732
   16768
   16795
   16804
   16801
   16595
   16662
   16697
   16713
   16739
   16621
   16706
   16702
   16782
   16685
   16785
   16622
   16984
   16869
   16788
   16784
   16615
   16872
   16503
   16828
   16893
   16792
   16791
   16797
   16710
   16675
   16657
   16787
   16661
   16749
   16623
   16669
   16603
   16577
   16753
   16867
   16786
   16917
   16573
   16713
   16874
   16859
   16858
   16758
   16843
   16811
   16842
   16751
   16772
   16737
   16637
   16762
   16791
   16626
   16690
   16611
   16750
   16714
   16725
   16819
   16771
   16480
   16778
   16629
   16672
   16795
   16865
   16701
   16530
   16780
   16818
   16759
   16667
   16825
   16654
   16616
   16654
   16661
   16801
   16646
   16659
   16729
   16702
   16740
   16553
   16839
   16852
   16738
   16754
   16553
   16722
   16856
   16800
   16815
   16660
   16809
   16605
   16708
   16823
   16617
   16877
   16601
   16710
   16620
   16682
   16642
   16837
   16669
   16581
   16695
   16674
   16720
   16866
   16734
   16936
   16707
   16644
   16756
   16754
   16674
   16765
   16786
   16808
   16665
   16720
   16667
   16873
   16833
   16812
   16806
   16834
   16632
   16693
   16597
   16924
   16748
   16663
   16617
   16652
   16633
   16925
   16786
   16750
   16829
   16753
   16890
   16714
   16782
   16848
   16779
   16834
   16622
   16692
   16934
   16766
   16618
   16766
   16720
   16829
   16831
   16806
   16619
   16573
   16679
   16639
   16777
   16675
   16882
   16841
   16891
   16862
   16797
   16859
   16929
   16684
   16728
   16855
   16639
   16841
   16727
   16779
   16628
   16805
   16502
   16706
   16906
   16987
   16714
   16718
   16757
   16772
   16706
   16761
   16717
   16690
   16721
   16817
   16622
   16746
   16743
   16716
   16757
   16723
   16824
   16751
   16737
   16752
   16781
   16744
   16866
   16808
   16737
   16843
   16648
   16839
   16794
   16953
   16676
   16725
   16736
   16670
   16475
   16725
   16655
   16822
   16740
   16859
   16680
   16872
   17004
   16651
   16852
   16657
   16769
   16671
   16678
   16497
   16843
   16698
   16682
   16682
   16848
   16799
   16650
   16565
   16610
   16703
   16798
   16712
   16815
   16694
   16575
   16715
   16735
   16717
   16911
   16702
   16737
   16780
   16534
   16778
   16501
   16759
   16657
   16827
   16728
   16639
   16751
   16897
   16801
   16821
   16480
   16775
   16743
   16626
   16816
   16949
   16496
   16639
   16825
   16860
   16609
   16699
   16856
   16794
   16490
   16819
   16726
   16711
   16623
   16684
   16758
   16938
   16777
   16892
   16736
   16802
   16918
   16817
   16769
   16671
   16845
   16640
   16776
   16669
   16840
   16615
   16703
   16784
   16874
   16602
   16736
   16858
   16725
   16734
   16643
   16660
   16811
   16810
   16836
   16658
   16756
   16792
   16723
   16772
   16790
   16721
   16727
   16867
   16615
   16552
   16640
   16865
   16565
   16757
   16901
   16883
   16624
   16800
   16545
   16636
   16678
   16682
   16730
   16798
   16816
   16547
   16942
   16731
   16770
   16703
   16563
   16772
   16621
   16699
   16767
   16729
   16901
   16699
   16707
   16767
   16875
   16782
   16674
   16814
   16566
   16935
   16780
   16569
   16716
   16824
   16874
   16857
   16799
   16920
   16638
   16514
   16855
   16545
   16631
   16842
   16993
   16741
   16851
   16681
   16747
   16871
   16624
   16730
   16674
   16749
   16820
   16784
   16768
   16756
   17014
   16827
   16743
   16679
   16644
   16728
   16607
   16722
   16961
   16615
   16808
   16825
   16768
   16866
   16845
   16679
   16777
   16703
   16892
   16663
   16746
   16915
   16616
   16652
   16743
   16681
   16568
   16676
   16805
   16874
   16729
   16884
   16652
   16752
   16746
   16824
   16672
   16586
   16692
   16777
   16630
   16691
   16724
   16654
   16709
   16726
   16646
   16774
   16690
   16522
   16638
   16749
   16776
   16828
   16720
   16782
   16968
   16725
   16625
   16521
   16766
   16657
   16785
   16895
   16612
   16773
   16577
   16806
   16573
   16808
   16887
   16801
   16850
   16731
   16691
   16769
   16663
   16833
   16708
   16771
   16709
   16761
   16971
   16774
   16609
   16672
   16710
   16677
   16645
   16656
   16617
   16825
   16747
   16738
   17031
   16911
   16832
   16702
   16831
   16976
   16627
   16822
   16563
   16845
   16641
   16816
   16695
   16846
   16692
   16710
   16695
   16672
   16694
   16497
   17044
   16745
   17005
   16715
   16944
   16814
   16860
   16630
   16582
   16706
   16651
   16756
   16695
   16769
   16569
   16613
   16701
   16782
   16722
   16506
   16703
   16627
   16934
   16612
   16942
   16672
   16693
   16742
   16733
   16844
   16791
   16818
   16665
   16776
   16766
   16828
   16569
   16833
   16786
   16642
   16686
   16725
   16703
   16888
   16626
   16847
   16695
   16737
   16861
   16968
   16850
   16655
   16756
   16807
   16849
   16802
   16721
   16779
   16550
   16584
   16728
   16770
   16746
   16755
   16820
   16390
   16739
   16873
   16782
   16790
   16812
   16810
   16799
   16700
   16696
   16790
   16545
   16649
   16868
   16547
   16579
   16816
   16754
   16749
   16671
   16683
   16913
   16770
   16931
   16550
   16694
   16806
   16794
   16697
   16891
   16593
   17069
   16610
   16570
   16824
   16593
   16538
   16597
   16871
   16678
   16734
   16737
   16832
   16584
   16753
   16645
   16757
   16726
   16671
   16765
   16636
   16855
   16633
   16862
   16726
   16675
   16637
   16655
   16515
   16511
   16909
   16615
   16625
   16687
   16655
   16687
   16775
   16768
   16730
   16747
   16664
   16904
   16754
   16954
   16764
   16804
   16854
   16798
   16711
   16816
   16897
   16926
   16687
   16810
   16726
   16795
   16775
   16903
   16665
   16709
   16777
   16765
   16821
   16678
   16766
   16670
   16892
   16596
   16690
   16760
   16832
   16703
   16833
   16988
   16861
   16934
   16737
   16766
   16677
   16888
   16682
   16589
   16712
   16713
   16782
   16741
   16828
   16690
   16870
   16718
   16694
   16836
   16802
   16714
   16703
   16680
   16560
   16793
   16711
   16782
   16822
   16833
   16811
   16542
   16761
   16567
   16697
   16751
   16910
   16617
   16862
   16847
   16628
   16670
   17008
   16809
   16858
   16752
   16714
   16825
   16663
   16725
   16744
   16886
   16721
   16569
   16636
   16906
   16978
   16791
   16780
   16514
   16570
   16874
   16562
   16807
   16752
   16750
   16665
   16612
   16656
   16797
   16748
   16792
   16831
   16914
   16634
   16706
   16818
   16761
   16795
   16715
   16765
   16592
   16942
   16818
   16770
   16812
   16623
   16783
   16704
   17000
   16777
   16686
   16741
   16846
   16692
   16763
   16627
   16856
   16805
   16792
   16710
   16698
   16910
   16864
   16632
   16836
   16739
   16674
   16746
   16633
   16685
   16655
   16717
   16596
   16740
   16719
   16930
   16732
   16486
   16886
   16906
   16686
   16694
   16591
   16667
   16747
   16799
   16579
   16718
   16613
   16871
   16653
   16779
   16792
   16803
   16700
   16798
   16850
   16786
   16560
   16741
   16717
   16586
   16767
   16856
   16622
   16783
   16683
   16644
   16620
   16951
   16657
   16646
   16866
   16671
   16728
   16619
   16603
   16793
   16614
   16817
   16844
   16777
   16623
   16740
   16834
   16797
   16735
   16729
   16805
   16820
   16633
   16837
   16845
   16714
   16799
   16583
   16595
   16738
   16558
   16722
   16806
   16850
   16555
   16776
   16620
   16701
   16489
   16750
   16553
   16719
   16778
   16681
   16628
   16757
   16714
   16730
   16705
   16706
   16614
   16568
   16732
   16681
   16569
   16893
   16727
   16952
   16651
   16706
   16956
   16886
   16641
   16619
   16744
   16610
   16771
   16598
   16819
   16795
   16866
   16670
   16765
   16777
   16810
   16633
   16693
   16658
   16755
   16791
   16632
   16631
   16768
   16930
   16747
   16679
   16653
   16578
   16692
   16739
   16725
   16767
   16775
   16883
   16837
   16968
   16707
   16822
   16704
   16904
   16580
   16696
   16766
   16791
   16814
   16748
   16671
   16762
   16790
   16806
   16805
   16740
   16845
   16746
   16726
   16840
   16638
   16748
   16576
   16621
   16805
   16733
   16701
   16874
   16967
   16750
   16737
   16665
   16681
   16381
   16740
   16824
   16836
   16664
   16950
   16414
   16602
   16626
   16723
   16816
   16764
   16762
   16738
   17028
   16780
   16768
   16800
   16684
   16698
   16809
   16774
   16641
   16640
   16842
   16776
   16589
   16780
   16835
   16610
   16735
   16859
   16550
   16635
   16585
   16823
   16852
   16784
   16717
   16628
   16678
   16791
   16867
   16709
   16602
   16707
   16718
   16952
   16808
   16818
   16814
   16578
   16752
   16770
   16745
   16875
   16756
   16704
   16794
   16585
   16910
   16709
   16678
   16679
   16857
   16708
   16800
   16905
   16739
   16747
   16695
   16908
   16755
   16770
   16767
   16732
   16825
   16894
   16750
   16810
   16788
   16743
   16646
   16802
   16726
   16796
   16744
   16852
   16845
   16864
   16718
   16657
   16845
   16715
   16846
   16771
   16863
   16706
   16649
   16839
   16826
   16611
   16700
   16680
   16831
   16839
   16707
   16718
   16691
   16799
   16908
   16807
   16891
   16837
   16678
   16768
   16708
   16691
   16759
   16720
   16682
   16868
   16735
   16729
   16540
   16805
   16818
   16700
   16618
   16624
   16731
   16615
   16661
   16654
   16787
   16685
   16984
   16589
   16743
   16651
   16830
   16685
   16827
   16627
   16753
   16675
   16809
   16625
   17063
   16726
   16785
   16806
   16808
   16638
   16704
   16651
   16833
   16711
   16650
   16796
   16618
   16854
   16802
   16832
   16647
   16778
   16827
   16537
   16751
   16748
   16649
   16667
   16763
   16663
   16665
   16779
   16738
   16730
   16690
   16773
   16846
   16881
   16623
   16804
   16663
   16738
   16652
   16722
   16680
   16962
   16496
   16635
   16756
   16652
   16873
   16684
   16851
   16726
   16752
   16768
   16860
   16859
   16621
   16768
   16764
   16716
   16476
   16717
   16887
   16684
   16840
   16874
   16495
   16717
   16615
   16665
   16840
   16692
   16716
   16493
   16481
   16830
   16693
   16688
   16845
   16912
   16697
   16711
   16824
   16870
   16514
   16882
   16666
   16845
   16857
   16663
   16696
   16730
   16702
   16498
   16623
   16740
   16726
   16634
   16726
   16839
   16642
   16856
   16579
   16771
   16631
   16806
   16674
   16754
   16608
   16952
   16656
   16638
   16603
   16530
   16732
   16728
   16693
   16713
   16655
   16783
   16943
   16832
   16874
   16629
   16730
   16742
   16452
   16906
   16653
   16707
   16768
   16668
   16769
   16807
   16606
   16587
   16615
   16681
   16821
   16613
   16689
   16909
   16651
   16750
   16770
   16965
   16676
   16573
   16577
   16629
   16659
   16824
   16654
   16772
   16721
   16751
   16662
   16603
   16666
   16785
   16697
   16617
   16624
   16778
   16925
   16656
   16756
   16822
   16652
   16855
   16562
   16893
   16813
   16795
   16612
   16818
   16795
   16823
   16728
   16813
   16596
   16812
   16695
   16804
   16553
   16727
   16704
   16801
   16819
   16665
   16856
   16637
   16747
   16873
   16882
   16748
   16747
   16878
   16550
   16913
   16797
   16530
   16710
   16700
   16711
   16842
   16815
   16637
   16636
   16735
   16579
   16763
   16815
   16866
   16617
   16824
   16723
   16832
   16812
   16801
   16657
   16742
   16712
   16724
   16686
   16695
   16902
   16864
   16541
   16880
   16817
   16612
   16622
   16723
   16681
   16604
   16765
   16747
   16823
   16692
   16616
   16707
   16631
   16724
   16501
   16835
   16824
   16883
   16663
   16783
   16823
   16777
   16715
   16725
   16853
   16800
   16997
   16655
   16785
   16665
   16717
   16760
   16705
   16623
   16578
   16426
   16923
   16600
   16517
   16747
   16934
   16595
   16754
   16759
   16854
   16768
   16604
   16706
   16681
   16851
   16887
   16970
   16736
   16564
   16543
   16747
   16894
   16866
   16747
   16774
   16645
   16806
   16820
   16673
   16716
   16565
   16827
   16856
   16619
   16649
   16810
   16890
   17020
   16880
   16795
   16752
   16640
   16415
   17047
   16659
   16538
   16604
   16741
   16650
   16758
   16787
   16538
   16863
   16829
   16735
   16632
   16780
   16577
   16756
   16706
   16821
   16679
   16507
   16694
   16808
   16489
   16810
   16477
   16623
   16548
   16707
   16746
   16750
   16842
   16741
   16758
   16924
   16489
   16615
   16840
   16861
   16770
   16652
   16789
   16503
   16762
   16733
   16577
   16910
   16644
   16882
   16599
   16659
   16829
   16542
   16401
   16859
   16670
   16565
   16590
   16791
   16929
   16716
   16777
   16854
   16681
   16765
   16843
   16793
   16570
   16726
   16724
   16947
   16903
   16674
   16788
   16691
   16698
   16794
   16758
   16787
   16526
   16728
   16500
   16715
   16809
   16793
   16766
   16862
   16784
   16725
   16463
   16680
   16801
   16604
   16734
   16686
   16862
   16731
   16656
   16649
   16779
   17029
   16768
   16555
   16583
   16830
   16783
   16802
   16810
   16780
   16582
   16768
   16721
   16818
   16684
   16850
   16752
   16747
   16683
   16674
   16812
   16718
   16804
   16758
   16575
   16606
   16725
   16773
   16729
   16667
   16605
   16736
   16816
   16794
   16881
   16647
   16803
   16749
   16584
   16618
   16989
   16709
   16704
   16895
   16784
   16711
   16560
   16687
   16754
   16763
   16557
   16597
   16965
   16814
   16593
   16728
   16852
   16608
   16555
   16633
   16744
   16895
   16541
   16775
   16822
   16773
   16733
   16584
   16713
   16744
   16760
   16625
   16743
   16677
   16789
   16656
   16735
   16862
   16700
   16654
   16692
   16577
   16740
   16892
   16471
   16590
   16728
   16715
   16545
   16708
   16850
   16824
   16814
   16628
   16724
   16731
   16670
   16782
   16568
   16787
   16679
   16580
   16758
   16723
   16765
   16855
   16716
   16778
   16545
   16551
   16782
   16837
   16711
   16661
   16771
   16658
   16888
   16788
   16602
   16816
   16686
   16618
   16723
   16682
   16766
   16600
   16693
   16684
   16688
   16742
   16556
   16902
   16590
   16521
   16715
   16721
   16910
   16887
   16698
   16686
   16768
   16802
   16775
   16798
   16696
   16571
   16784
   16556
   16821
   16759
   16641
   16638
   16893
   16612
   16528
   16678
   16542
   16837
   16785
   16661
   16761
   16659
   16801
   16865
   16724
   16790
   16832
   16953
   16734
   16701
   16546
   16654
   16671
   16455
   16988
   16800
   16743
   16587
   16700
   16670
   16630
   16710
   16767
   16790
   16757
   16929
   16729
   16702
   16830
   16727
   16721
   16869
   16788
   16935
   16744
   16589
   16575
   16758
   16623
   16708
   16721
   16562
   16624
   16703
   16646
   16780
   16672
   16885
   16808
   16541
   16586
   16829
   16684
   16667
   16642
   16838
   16951
   16724
   16934
   16712
   16803
   16703
   16776
   16723
   16786
   16811
   16606
   16586
   16897
   16858
   16622
   16806
   16734
   16862
   16738
   16901
   16670
   16587
   16660
   16839
   16563
   16766
   16841
   16804
   16654
   16500
   16788
   16629
   16708
   16616
   16521
   16700
   16828
   16607
   16686
   16592
   16855
   16562
   16983
   16698
   16631
   16773
   16769
   16656
   16930
   16912
   16523
   16811
   16637
   16767
   16661
   16763
   16566
   16799
   16637
   17003
   16726
   16728
   16732
   16770
   16807
   16769
   16760
   16685
   16762
   16749
   16889
   16711
   16557
   16899
   16605
   16790
   16794
   16834
   16645
   16663
   16618
   16683
   16701
   16765
   16825
   16624
   16781
   16852
   16723
   16682
   16725
   16634
   16633
   16596
   16854
   16729
   16718
   16674
   16468
   16582
   16627
   16592
   16711
   16731
   16660
   16712
   16653
   16593
   16783
   16796
   16703
   16665
   16850
   16628
   16599
   16626
   16566
   17031
   16734
   16729
   16625
   16685
   16637
   16903
   16462
   16794
   16759
   16613
   16654
   16856
   16751
   16895
   16771
   16764
   16832
   16808
   16785
   16818
   16774
   16630
   16770
   16638
   16836
   16707
   16687
   16549
   16832
   16864
   16667
   17046
   16712
   16736
   16821
   16769
   16591
   16709
   16837
   16655
   16685
   16623
   16777
   16871
   16819
   16719
   16631
   16685
   16774
   16760
   16788
   16632
   16701
   16749
   16724
   16750
   16689
   16738
   16807
   16884
   16837
   16560
   16506
   16727
   16790
   16721
   16818
   16806
   16931
   16681
   16635
   16798
   16582
   16736
   16699
   16855
   16738
   16585
   16898
   16845
   16626
   16625
   16685
   16708
   16559
   16733
   16791
   16710
   16958
   16716
   16661
   16778
   16863
   16748
   16818
   16710
   16728
   16703
   16848
   16725
   16695
   16722
   16824
   16719
   16759
   16624
   16713
   16759
   16725
   16555
   16814
   16787
   16722
   16881
   16886
   16777
   16748
   16858
   16719
   16761
   16839
   16518
   16590
   16843
   17016
   16492
   16733
   16737
   16725
   16739
   16641
   16635
   16607
   16592
   16741
   16765
   16669
   16765
   16640
   16815
   16900
   16947
   16588
   16670
   16670
   16775
   16981
   16911
   16708
   16730
   16702
   16656
   16705
   16621
   16772
   16765
   16734
   16786
   16619
   16779
   16877
   16610
   16840
   16689
   16737
   16722
   16857
   16657
   16861
   16692
   16535
   16643
   16822
   16851
   16671
   16826
   16750
   16624
   16828
   16904
   16781
   16912
   16707
   16688
   16581
   16636
   16602
   16894
   16795
   16667
   16783
   16730
   16794
   16857
   16943
   16741
   16561
   16694
   16656
   16832
   16741
   16816
   16974
   16836
   16790
   16865
   16814
   16680
   16652
   16663
   16864
   16976
   16563
   17046
   16833
   16851
   16727
   16643
   16599
   16714
   16751
   16920
   16507
   16537
   16867
   16688
   16801
   16780
   16719
   16893
   16708
   16806
   16859
   16729
   16455
   16815
   16859
   16634
   16740
   16656
   16655
   16732
   16657
   16744
   16827
   16810
   16773
   16825
   16682
   16820
   16551
   16865
   16689
   16871
   16729
   16603
   16722
   17004
   16813
   16837
   16977
   16641
   16763
   16527
   16579
   16765
   16664
   16800
   16721
   16797
   16808
   16825
   16735
   16739
   16690
   16838
   16855
   16722
   16635
   16705
   16811
   16893
   16844
   16794
   16732
   16667
   16837
   16776
   16668
   16775
   16765
   16706
   16805
   16930
   16758
   16772
   16908
   16697
   16936
   16856
   16781
   16730
   16753
   16845
   16650
   16500
   16813
   16696
   16697
   16567
   16570
   16767
   16817
   16891
   16630
   16702
   16819
   16644
   16494
   16571
   16764
   16654
   16734
   16730
   16713
   16628
   16654
   16766
   16859
   16713
   16664
   16619
   16831
   16621
   16616
   16836
   16739
   16601
   16535
   16687
   16741
   16614
   16711
   16794
   16605
   16501
   16786
   16790
   16697
   16466
   16593
   16907
   16664
   16853
   16550
   17042
   16670
   16806
   16791
   16776
   16724
   17003
   16737
   16802
   16769
   16631
   16826
   16569
   16943
   16604
   16793
   16720
   16857
   16723
   16760
   16750
   16677
   16719
   16536
   16872
   16842
   16809
   16780
   16740
   16702
   16774
   16830
   16765
   16776
   16828
   16611
   16822
   16671
   16746
   16885
   16933
   16903
   16629
   16586
   16792
   16487
   16794
   16791
   16706
   16747
   16755
   16499
   16738
   16680
   16752
   16761
   16701
   16753
   16536
   16655
   16893
   16682
   16858
   16596
   16736
   16617
   16601
   16861
   16719
   16676
   16660
   16803
   16744
   16983
   16722
   16729
   16917
   16572
   16675
   16881
   16656
   16747
   16757
   16758
   16735
   16670
   16757
   16898
   16582
   16725
   16717
   16800
   16783
   16837
   16731
   16883
   16678
   16667
   16697
   16747
   16606
   16943
   16858
   16847
   16773
   16646
   16473
   16810
   16718
   16775
   16898
   16823
   16979
   17019
   16748
   16742
   16849
   16901
   16874
   16893
   16712
   16570
   16784
   16864
   16973
   16737
   16730
   16634
   16819
   16710
   16911
   16903
   16593
   16526
   16708
   16770
   16897
   16877
   16795
   16795
   16887
   16681
   16818
   16746
   16845
   16684
   16692
   16720
   16905
   16708
   16862
   16775
   16495
   16786
   16836
   16845
   16690
   16757
   16890
   16723
   16630
   16760
   16812
   16555
   16600
   16689
   16677
   16737
   16703
   16834
   16626
   16636
   16751
   16723
   16728
   16850
   16911
   16564
   16658
   16759
   16728
   16656
   16653
   16737
   16547
   16768
   16651
   16531
   16554
   16786
   16678
   16633
   16649
   16586
   16819
   16560
   16602
   16758
   16708
   16593
   16519
   16828
   16867
   16505
   16641
   16770
   16869
   16698
   16784
   16713
   16557
   16690
   16790
   16589
   16759
   16654
   16940
   16581
   16830
   16664
   16844
   16527
   16833
   16757
   16516
   16768
   16610
   16610
   16763
   17022
   16981
   16685
   16655
   16729
   16786
   16908
   16665
   16831
   16689
   16984
   16859
   16716
   16835
   16732
   16863
   16650
   16844
   16867
   16703
   16706
   16656
   16560
   16755
   16901
   16824
   16633
   16912
   16827
   16784
   16540
   16661
   16732
   16738
   16889
   16719
   16595
   16611
   16862
   16676
   16883
   16674
   16782
   16995
   16794
   16672
   16676
   16590
   16922
   16787
   16617
   16778
   16938
   16594
   16748
   16583
   16880
   16963
   16554
   16926
   16690
   16934
   16954
   16897
   16710
   16706
   16925
   16720
   16857
   16789
   16536
   16586
   16735
   16710
   16662
   16669
   16801
   16689
   16795
   16895
   16702
   16865
   16806
   16549
   16733
   16649
   16803
   16544
   16756
   16836
   16675
   16609
   16712
   16713
   16773
   16912
   16539
   16650
   16929
   16672
   16673
   16752
   16777
   16742
   16834
   16848
   16756
   16692
   16978
   16544
   16787
   16684
   16818
   16687
   16776
   16789
   16702
   16795
   16911
   16556
   16810
   16655
   16643
   16867
   16844
   16911
   16685
   16688
   16764
   16720
   16612
   16852
   16794
   16688
   16643
   16568
   16767
   16800
   16787
   16687
   16800
   16783
   16664
   16820
   16742
   16884
   16719
   16669
   16888
   16865
   16621
   16721
   16627
   16645
   16692
   16547
   16775
   16862
   16651
   16739
   16784
   16845
   16667
   16588
   16769
   16487
   16794
   16820
   16642
   16585
   16697
   16917
   16732
   16737
   16841
   16745
   16913
   16597
   16726
   16748
   16765
   16712
   16815
   16684
   16670
   16594
   16761
   16609
   16753
   16683
   16762
   16670
   16675
   16582
   16755
   16648
   16811
   16656
   16827
   16565
   16526
   16834
   16614
   16858
   16766
   16672
   16667
   16864
   16821
   16662
   16574
   16502
   16566
   16690
   16649
   16607
   16872
   16712
   16876
   16692
   16710
   16709
   16744
   16583
   16870
   16767
   16749
   16827
   16695
   16842
   16752
   16688
   16742
   16855
   16965
   16659
   16537
   16636
   16649
   16787
   16613
   16831
   16755
   16665
   16727
   16684
   16879
   16784
   16535
   16728
   16569
   16820
   16854
   16731
   16467
   16798
   16745
   16679
   16608
   16723
   16686
   16766
   16665
   16720
   16755
   16760
   16709
   16741
   16456
   16561
   16654
   16807
   16625
   16804
   16754
   16644
   16896
   16881
   16739
   16846
   16803
   16757
   16613
   16564
   16691
   16510
   16845
   16857
   16748
   16786
   16693
   16674
   16892
   16710
   16657
   16593
   16645
   16712
   16901
   16699
   16697
   16694
   16849
   16785
   16847
   16757
   16766
   16842
   16794
   16668
   16704
   16791
   16828
   16649
   16720
   16794
   16783
   16826
   16527
   17003
   16663
   16797
   16645
   16763
   16598
   16624
   16724
   16849
   16773
   16505
   16598
   16932
   16637
   16634
   16793
   16752
   16769
   16656
   16714
   16821
   16942
   16801
   16935
   16768
   16659
   16489
   16731
   16579
   16853
   16665
   16804
   16900
   16809
   16787
   16582
   16905
   16881
   16662
   16869
   16819
   16748
   16767
   16650
   16933
   16655
   16744
   16670
   16778
   16760
   16935
   16847
   16887
   16896
   16866
   16703
   16756
   16877
   16572
   16728
   16719
   16568
   16745
   16879
   16695
   16766
   16828
   16739
   16609
   16505
   16579
   16565
   16874
   16893
   16820
   16871
   16886
   16667
   16917
   16719
   16694
   16655
   16887
   16687
   16850
   16695
   16751
   16694
   16769
   16695
   16858
   16770
   16739
   16545
   16767
   16692
   16615
   16689
   16725
   16910
   16776
   16642
   16715
   16705
   16836
   16577
   16762
   16872
   16703
   16738
   16759
   16760
   16772
   16667
   16741
   16902
   16842
   16745
   16709
   16859
   16738
   16769
   16802
   16664
   16585
   16683
   16745
   16743
   16838
   16771
   16599
   16694
   16491
   16687
   16708
   16718
   16661
   16649
   16668
   16658
   16725
   16650
   16711
   16912
   16904
   16778
   16577
   16566
   16600
   16731
   16818
   16847
   16718
   16665
   16700
   16629
   16683
   16613
   16803
   16960
   16707
   16647
   16777
   16755
   16769
   16897
   16523
   16636
   16403
   16755
   16788
   16628
   16760
   16719
   16728
   16733
   16658
   16818
   16785
   16718
   16658
   16769
   16786
   16890
   16560
   16723
   16623
   16918
   16852
   16795
   16606
   16645
   16747
   16785
   16883
   16797
   16748
   16604
   16691
   16823
   16789
   16709
   16847
   16728
   16829
   16629
   16714
   16738
   16790
   16657
   16742
   16891
   16658
   16650
   16462
   16750
   16756
   16727
   16707
   16730
   16859
   16527
   16691
   16877
   16856
   16681
   17014
   16786
   16706
   16713
   16633
   16720
   16878
   16786
   16690
   16625
   16688
   16742
   16932
   16683
   16949
   16901
   16863
   16819
   16589
   16692
   16898
   16875
   16911
   16903
   16774
   16827
   16581
   16789
   16806
   16492
   16681
   16471
   16922
   16649
   16826
   16703
   16729
   16711
   16871
   16771
   16725
   16874
   16676
   16817
   16651
   16902
   16549
   16639
   16723
   16849
   16784
   16722
   16521
   16791
   16812
   16615
   16563
   16965
   16722
   16658
   16853
   16844
   16724
   16863
   16914
   16726
   16685
   16752
   16754
   16634
   16724
   16722
   16752
   16543
   16712
   16741
   16681
   16618
   16871
   16785
   16762
   16851
   16472
   16889
   16690
   16644
   16688
   16790
   16638
   16722
   16577
   16707
   16646
   16568
   16487
   16785
   16895
   16749
   16597
   16790
   16753
   16911
   16547
   16854
   16751
   16580
   16814
   16748
   16821
   16643
   16705
   16840
   16880
   16720
   16627
   16844
   16670
   16671
   16763
   16795
   16714
   16573
   16807
   16803
   16925
   16753
   16755
   16988
   16641
   16787
   16718
   16780
   16802
   16831
   16576
   16728
   16615
   16552
   16726
   16773
   16503
   16759
   16794
   16709
   16716
   16617
   16828
   16737
   16590
   16558
   16663
   16704
   16635
   16816
   16743
   16692
   16860
   16795
   16714
   16690
   16853
   16610
   16673
   16605
   16597
   16773
   16739
   17007
   16615
   16646
   16966
   16760
   16721
   16426
   16619
   16872
   16805
   16703
   16824
   16605
   16728
   16750
   16721
   16683
   16669
   16829
   16588
   16604
   16570
   16849
   16435
   16818
   16826
   16661
   16638
   16761
   16932
   16559
   16670
   16788
   16583
   16682
   16578
   16613
   16544
   16566
   16674
   16828
   16639
   16735
   16834
   16626
   16738
   16693
   16787
   16783
   16433
   16726
   16989
   16737
   16737
   16939
   16588
   16841
   16646
   16734
   16681
   16813
   16616
   16629
   16912
   16667
   16651
   16896
   16811
   16736
   16889
   16726
   16709
   16842
   16521
   16730
   16713
   16680
   16895
   16763
   17003
   16689
   16587
   16661
   16708
   16608
   16883
   16806
   16622
   16718
   16774
   16609
   16919
   16655
   16873
   16586
   16692
   16947
   16741
   16911
   16671
   16758
   16890
   16679
   16485
   16821
   16839
   16603
   16680
   16705
   16720
   16765
   16802
   16722
   16705
   16807
   16787
   16650
   16793
   16741
   16668
   16748
   16896
   16649
   16845
   16991
   16588
   16825
   16670
   16489
   16764
   16637
   16597
   16571
   16821
   16607
   16521
   16853
   16989
   16561
   16819
   17019
   16764
   16641
   16749
   16595
   16503
   16838
   16817
   16689
   16786
   16831
   16786
   16863
   16839
   16754
   16688
   16821
   16845
   16881
   16722
   16787
   16825
   16798
   16616
   16712
   16646
   16724
   16762
   16691
   16769
   16674
   16801
   16596
   16727
   16556
   16805
   16639
   16615
   16906
   16693
   16754
   16702
   16888
   16907
   16670
   16690
   16658
   16797
   16761
   16575
   16810
   16654
   16779
   16795
   16755
   16858
   16860
   16793
   16806
   16705
   16873
   16536
   16739
   16759
   16831
   16553
   16983
   16665
   16658
   16657
   16496
   16957
   16536
   16580
   16570
   16682
   16605
   16708
   16835
   16770
   16852
   16642
   16772
   17050
   16540
   16693
   16823
   16599
   16830
   16686
   16779
   16816
   16751
   16797
   16718
   16676
   16915
   16773
   16858
   16675
   16705
   16675
   16572
   16719
   16977
   16732
   16502
   16749
   16716
   16731
   16661
   16769
   16661
   16824
   16483
   16721
   16545
   16848
   16658
   16914
   16615
   16773
   16854
   16709
   16577
   16860
   16598
   16855
   16821
   16621
   16738
   16902
   16870
   16919
   16558
   16686
   16808
   16605
   16618
   16856
   17105
   16781
   16716
   16731
   16598
   16738
   16896
   16794
   16789
   16936
   16666
   16796
   16570
   16831
   16564
   16764
   16875
   16617
   16620
   16724
   16947
   16818
   16856
   16722
   16667
   16739
   16731
   16781
   16698
   16802
   16816
   16754
   16812
   16673
   16731
   16683
   16740
   16764
   16764
   16919
   16618
   16805
   16788
   16805
   16710
   16631
   16543
   16717
   16750
   16614
   16663
   16776
   16702
   16802
   16893
   16929
   16872
   16645
   16686
   16715
   16628
   16603
   16627
   16747
   16712
   16736
   16705
   16735
   16725
   16950
   16628
   16946
   16725
   16839
   16783
   16648
   16694
   16776
   16562
   16462
   16840
   16803
   16963
   16809
   16748
   16917
   16930
   16864
   16622
   16630
   16833
   16797
   16545
   16793
   16865
   16574
   16723
   16762
   16775
   16680
   16742
   16796
   16809
   16984
   16516
   16819
   16729
   16421
   16804
   16669
   16692
   16775
   16575
   16733
   16884
   16766
   16699
   16805
   16732
   16859
   16373
   16839
   16870
   16790
   16933
   16738
   16561
   16704
   16885
   16783
   16860
   16635
   16792
   16725
   16647
   16752
   16813
   16793
   16920
   16678
   16663
   16705
   16748
   16818
   16549
   16692
   16632
   16936
   16891
   16604
   16586
   16744
   16701
   16737
   16746
   16710
   16685
   16802
   16689
   16736
   16832
   16562
   16717
   16603
   16546
   16610
   16808
   16610
   16938
   16819
   16775
   16754
   16789
   16830
   16648
   16896
   16726
   16725
   16499
   16896
   16813
   16718
   16644
   16784
   16637
   16675
   16747
   16893
   16636
   16893
   16864
   16853
   16559
   16610
   16568
   16654
   16756
   16620
   16771
   16746
   16823
   16874
   16662
   16691
   16829
   16729
   16699
   16632
   16895
   16770
   16885
   16526
   16670
   16778
   16637
   16729
   16723
   16705
   16660
   16635
   16799
   16745
   16781
   16873
   16652
   16545
   16728
   16593
   16740
   16894
   16872
   16797
   16798
   16905
   16535
   16710
   16786
   16618
   16655
   16597
   16918
   16698
   16567
   16641
   16380
   16732
   16764
   16520
   16670
   16695
   16910
   16642
   16549
   16708
   16522
   16875
   16517
   16895
   16860
   16920
   16825
   16422
   16744
   16790
   16943
   16823
   16801
   16779
   16749
   16642
   16822
   16726
   16589
   16668
   16567
   16717
   16687
   16825
   16727
   16831
   16773
   16646
   16552
   16672
   16878
   16611
   16812
   16846
   16887
   16807
   16668
   16403
   16930
   16641
   16680
   16863
   16702
   16736
   16784
   16793
   16729
   16863
   16748
   16827
   16695
   16539
   16987
   16760
   16630
   16654
   16814
   16551
   16524
   16866
   16830
   16630
   16881
   16720
   16653
   16689
   17052
   16661
   16745
   16583
   16675
   16641
   16658
   16649
   16782
   16761
   16620
   16790
   16673
   16745
   16730
   16874
   16876
   16946
   16458
   16568
   16781
   16837
   16769
   17010
   16789
   16930
   16729
   16607
   16421
   16685
   16781
   16825
   16738
   16618
   16747
   16730
   16675
   16574
   16774
   16708
   16972
   16836
   16765
   16958
   16774
   16855
   16728
   16721
   16724
   16698
   16925
   16845
   16751
   16737
   16743
   16804
   16651
   16918
   16754
   16883
   16712
   16822
   16833
   16748
   16782
   16727
   16800
   16753
   16776
   16626
   16803
   16827
   16646
   16866
   16718
   16670
   16964
   16708
   16739
   16749
   16763
   16698
   16503
   16800
   16739
   16696
   16578
   16759
   17004
   16749
   16715
   16912
   16726
   16674
   16910
   16714
   16662
   16760
   16789
   16725
   16692
   16792
   16750
   16694
   16694
   16752
   16732
   16842
   16711
   16675
   16672
   16532
   16597
   16778
   16859
   16706
   16805
   16861
   16653
   16828
   16569
   16892
   16701
   16797
   16685
   16477
   16766
   16614
   16945
   16915
   16811
   16885
   16615
   16842
   16793
   16707
   16695
   16692
   16759
   16596
   16874
   16583
   16623
   16826
   16838
   16849
   16834
   16705
   16772
   16792
   16714
   16823
   16774
   16683
   16733
   16620
   16909
   16629
   16831
   16750
   16906
   16778
   16679
   16777
   16777
   16410
   17012
   16699
   16661
   16701
   16880
   16790
   16842
   16708
   16666
   16568
   16852
   16679
   16621
   16530
   16751
   16667
   16556
   16735
   17007
   16608
   16606
   16547
   16796
   17064
   16627
   16954
   16682
   16741
   16445
   16730
   16851
   16713
   16830
   16604
   16467
   16813
   16668
   16612
   16722
   16671
   16815
   16841
   16754
   16790
   16661
   16812
   16730
   16723
   16793
   16955
   16567
   16738
   16768
   16800
   16581
   16627
   16837
   16468
   16747
   16604
   16763
   16856
   16683
   16793
   16817
   16765
   16597
   16664
   16533
   16636
   16524
   16719
   16710
   16815
   16744
   16636
   16631
   16613
   16615
   16626
   16682
   16874
   16607
   16647
   16801
   16668
   16768
   16722
   16729
   16753
   16574
   16684
   16592
   16707
   16729
   16760
   16688
   16782
   16948
   16567
   16687
   16588
   16785
   16824
   16666
   16545
   16425
   16761
   16850
   16749
   16517
   16720
   16913
   16864
   16849
   16547
   16859
   16760
   16694
   16979
   16678
   16650
   16803
   16782
   16958
   16768
   16777
   16892
   16658
   16661
   16947
   16674
   16454
   16777
   16709
   16676
   16713
   16666
   16713
   16699
   16591
   16805
   16718
   16762
   16700
   16799
   16702
   16671
   16744
   16800
   16802
   16680
   16811
   16695
   16775
   16771
   16779
   16983
   16745
   16809
   16802
   16777
   16822
   16810
   16833
   16665
   16553
   16627
   16678
   16586
   16808
   17034
   16815
   16861
   16819
   16759
   16712
   16769
   16628
   16757
   16819
   16676
   16582
   16789
   16622
   16809
   16730
   16703
   16868
   16770
   16896
   16696
   16655
   16644
   16869
   16604
   16675
   16802
   16713
   16583
   16584
   16876
   16758
   16786
   16791
   16735
   16766
   16546
   16624
   16581
   16513
   16808
   16620
   16893
   16777
   16725
   16653
   16665
   16692
   16649
   16748
   16693
   16796
   16829
   16696
   16571
   16734
   16693
   16966
   16710
   16556
   16930
   16556
   16414
   16895
   16773
   16699
   16769
   16845
   16928
   16735
   16819
   16678
   16870
   16752
   16732
   16931
   16928
   16764
   16666
   16815
   16895
   16933
   16780
   16705
   16538
   16731
   16919
   16839
   16632
   16773
   16703
   16696
   16707
   16952
   16777
   16676
   16920
   16822
   16685
   16634
   16801
   16764
   16750
   16774
   16756
   16871
   16658
   16690
   16742
   16541
   16728
   16574
   16790
   16866
   16946
   16840
   16611
   16663
   16869
   16813
   16860
   16951
   16763
   16726
   16680
   16682
   16549
   16604
   16556
   16725
   16667
   16878
   16691
   16556
   16821
   16618
   16628
   16827
   16661
   16881
   16577
   16582
   16506
   16755
   16746
   16783
   16748
   16727
   17023
   16763
   16625
   16570
   16880
   16698
   16709
   16486
   16631
   16830
   16730
   16701
   16801
   16715
   16940
   16576
   16589
   16506
   16653
   16726
   16809
   16807
   16632
   16682
   16638
   16911
   16721
   16643
   16583
   16849
   16632
   16383
   16741
   16713
   16847
   16570
   16850
   16653
   16680
   16737
   16851
   16860
   16838
   16765
   16526
   16741
   16655
   16573
   16574
   16455
   16731
   16893
   16644
   16704
   16737
   16829
   16790
   16673
   16803
   16652
   16718
   16713
   16841
   16778
   16763
   16775
   16759
   16787
   16625
   16706
   16617
   16759
   16683
   16744
   16945
   16520
   16782
   16706
   16664
   16697
   16741
   16596
   16756
   16725
   16834
   16644
   16928
   16704
   16916
   16631
   16851
   16758
   16828
   16669
   16918
   16784
   16897
   16812
   16667
   16729
   16793
   16712
   16912
   16616
   16737
   16753
   16677
   16516
   16501
   16679
   16616
   16710
   16715
   16696
   16615
   16619
   16699
   16822
   16854
   16777
   16888
   16620
   16755
   16742
   16753
   16737
   16783
   16728
   16862
   16796
   16574
   16760
   16824
   16626
   16740
   16631
   16624
   16817
   16779
   16816
   16600
   16708
   16720
   16612
   16570
   16816
   16636
   16900
   16815
   16855
   16775
   16778
   16703
   16573
   16788
   16688
   16672
   16650
   16754
   16632
   16889
   16760
   16595
   16511
   16900
   16542
   16794
   16532
   16709
   16921
   16837
   16729
   16769
   16586
   16736
   16647
   16809
   16770
   16625
   16503
   16681
   16659
   16643
   16745
   16638
   16480
   16841
   16583
   16787
   16913
   16507
   16607
   16728
   16979
   16724
   16795
   16809
   16701
   16647
   16672
   16676
   16693
   16708
   16693
   16553
   16740
   17146
   16771
   16606
   16724
   16896
   16700
   16701
   16975
   16910
   16576
   16843
   16851
   16621
   16803
   16729
   16788
   16680
   16700
   16674
   16693
   16781
   16786
   16678
   16695
   16852
   16856
   16638
   16718
   16715
   16841
   16596
   16722
   16744
   16710
   16783
   16573
   16686
   16759
   16775
   16861
   16753
   16660
   16576
   16589
   16949
   16815
   16518
   16869
   16534
   16613
   16881
   16688
   16587
   16763
   16849
   16732
   16568
   16541
   16785
   16764
   16575
   16825
   16626
   16504
   16722
   16596
   16646
   16690
   16595
   16769
   16684
   16746
   16791
   16770
   16637
   16951
   16823
   16702
   16719
   16563
   16623
   16831
   16914
   16652
   16743
   16626
   16754
   16912
   16630
   16917
   16738
   16575
   16539
   16852
   16903
   16582
   16617
   16545
   16775
   16877
   16716
   16665
   16900
   16928
   16731
   16797
   16869
   16854
   16887
   16678
   16856
   16705
   16737
   16802
   16985
   16872
   16521
   16698
   16702
   16725
   16829
   16745
   16880
   16810
   16700
   16702
   16684
   16648
   16757
   16652
   16780
   16808
   16770
   16708
   16777
   16623
   16804
   16760
   16693
   16573
   16712
   16903
   16689
   16551
   16636
   16846
   16701
   16908
   16697
   16801
   16731
   16723
   16812
   16717
   16692
   16886
   16809
   16693
   16751
   16790
   16611
   16804
   16817
   17066
   16994
   16839
   16566
   16810
   16735
   16671
   16859
   16758
   16713
   16945
   16526
   16778
   16757
   16655
   16698
   16833
   16940
   16769
   16740
   16794
   16585
   16816
   16741
   16937
   16708
   16822
   16816
   16694
   16532
   16559
   16551
   16800
   16657
   16675
   16750
   16693
   16765
   16655
   16796
   16589
   16633
   16466
   16647
   16591
   16821
   16715
   16765
   16626
   16939
   16655
   16500
   16940
   16872
   16691
   16582
   16614
   16619
   16750
   16829
   16879
   16760
   16898
   16507
   16611
   16718
   16712
   16805
   16650
   16636
   16808
   16874
   16695
   16716
   16601
   16833
   16805
   16688
   16767
   16764
   16643
   16614
   16637
   16785
   16760
   16705
   16827
   16726
   16710
   16718
   16803
   16683
   16614
   16745
   16714
   16626
   16827
   16748
   16732
   16761
   16615
   16756
   16738
   16792
   16757
   16824
   16708
   16671
   16657
   16825
   16824
   16787
   16512
   16841
   16635
   16682
   16763
   16774
   16685
   16767
   16740
   16698
   16728
   16785
   16730
   16661
   16823
   16449
   16707
   16671
   16699
   16575
   16694
   16845
   16763
   16689
   16768
   16888
   16719
   16611
   16731
   16810
   16743
   16789
   16710
   16780
   16789
   16783
   16817
   16658
   16730
   16756
   16712
   16673
   16682
   16830
   16632
   16520
   16690
   16820
   16729
   16712
   16676
   17047
   16868
   16919
   16597
   16636
   16890
   16744
   16801
   16875
   16846
   16806
   16675
   16824
   16682
   16839
   16740
   16511
   16525
   16710
   17021
   16697
   16650
   16780
   16743
   16810
   16716
   16800
   16572
   16823
   16895
   16737
   16772
   16866
   16535
   16805
   16498
   16897
   16909
   16871
   16663
   16684
   16803
   16575
   16770
   16839
   16635
   16640
   16615
   16855
   16875
   16615
   16743
   16761
   16590
   16859
   16639
   16822
   16699
   16761
   16777
   16636
   16836
   16672
   16631
   16770
   16749
   16678
   16852
   16580
   16642
   16564
   16792
   16569
   16738
   16600
   16774
   16756
   16509
   16855
   16507
   16784
   16648
   16495
   16764
   16604
   16594
   16752
   16694
   16908
   16541
   16656
   16643
   16686
   16669
   16681
   16640
   16645
   16771
   16842
   16576
   16723
   16659
   16730
   16784
   16843
   16543
   16585
   16656
   16852
   16837
   16709
   16761
   16861
   16659
   16802
   16824
   16691
   16877
   16664
   16658
   16599
   16653
   16831
   16746
   17018
   16788
   16764
   16742
   16643
   16710
   16734
   16706
   16829
   16694
   16581
   16618
   16803
   16814
   16820
   16707
   16629
   16618
   16834
   16667
   16643
   16657
   16860
   16646
   16718
   16678
   16648
   16599
   16441
   16809
   16595
   16643
   16722
   16890
   16640
   16712
   16692
   16682
   16775
   16892
   16649
   16876
   16971
   16633
   16670
   16947
   16903
   16617
   16627
   16535
   16545
   16915
   16788
   16716
