    7304
    7484
    7478
    7497
    7429
    7295
    7429
    7488
    7459
    7360
    7259
    7243
    7359
    7318
    7232
    7593
    7470
    7439
    7449
    7454
    7261
    7298
    7315
    7376
    7354
    7429
    7415
    7329
    7407
    7330
    7229
    7399
    7531
    7347
    7510
    7463
    7381
    7416
    7280
    7437
    7275
    7199
    7324
    7368
    7428
    7376
    7350
    7458
    7280
    7326
    7279
    7432
    7352
    7390
    7270
    7413
    7430
    7480
    7348
    7322
    7480
    7441
    7442
    7482
    7372
    7633
    7412
    7259
    7359
    7359
    7464
    7379
    7401
    7322
    7341
    7476
    7359
    7350
    7515
    7317
    7261
    7311
    7478
    7343
    7353
    7350
    7451
    7468
    7426
    7384
    7431
    7523
    7466
    7261
    7381
    7401
    7312
    7360
    7303
    7250
    7373
    7392
    7292
    7470
    7411
    7372
    7451
    7327
    7371
    7356
    7343
    7435
    7437
    7365
    7450
    7471
    7285
    7248
    7253
    7386
    7424
    7319
    7250
    7378
    7368
    7334
    7354
    7371
    7446
    7393
    7426
    7346
    7400
    7328
    7423
    7410
    7342
    7258
    7337
    7423
    7415
    7475
    7402
    7358
    7432
    7520
    7496
    7373
    7408
    7479
    7412
    7360
    7415
    7545
    7504
    7544
    7235
    7417
    7287
    7295
    7411
    7324
    7326
    7406
    7405
    7438
    7533
    7372
    7252
    7477
    7421
    7384
    7380
    7389
    7415
    7276
    7409
    7266
    7339
    7444
    7307
    7254
    7226
    7279
    7420
    7393
    7288
    7351
    7427
    7351
    7453
    7452
    7356
    7506
    7415
    7456
    7449
    7487
    7271
    7266
    7371
    7471
    7525
    7383
    7491
    7431
    7322
    7387
    7228
    7452
    7352
    7417
    7335
    7410
    7419
    7419
    7359
    7336
    7335
    7301
    7460
    7461
    7355
    7475
    7493
    7399
    7501
    7487
    7431
    7342
    7366
    7312
    7394
    7353
    7387
    7444
    7379
    7359
    7218
    7363
    7419
    7442
    7337
    7326
    7462
    7424
    7428
    7278
    7464
    7463
    7357
    7257
    7336
    7393
    7365
    7430
    7475
    7446
    7571
    7330
    7452
    7312
    7321
    7413
    7438
    7389
    7468
    7312
    7360
    7474
    7397
    7394
    7436
    7288
    7385
    7343
    7480
    7362
    7434
    7496
    7280
    7376
    7352
    7328
    7423
    7227
    7439
    7405
    7332
    7422
    7391
    7326
    7469
    7452
    7417
    7277
    7456
    7282
    7331
    7313
    7289
    7308
    7384
    7193
    7296
    7258
    7354
    7460
    7381
    7320
    7438
    7454
    7460
    7428
    7374
    7339
    7359
    7191
    7356
    7436
    7382
    7441
    7415
    7330
    7478
    7331
    7450
    7413
    7502
    7471
    7476
    7337
    7364
    7359
    7464
    7300
    7406
    7515
    7383
    7331
    7241
    7410
    7411
    7318
    7413
    7576
    7452
    7438
    7398
    7386
    7501
    7237
    7433
    7339
    7441
    7354
    7537
    7255
    7366
    7333
    7485
    7481
    7405
    7514
    7434
    7465
    7394
    7300
    7322
    7329
    7373
    7387
    7336
    7316
    7243
    7322
    7399
    7329
    7521
    7357
    7218
    7396
    7174
    7471
    7348
    7465
    7526
    7329
    7304
    7463
    7411
    7457
    7430
    7390
    7491
    7446
    7502
    7338
    7293
    7440
    7445
    7333
    7415
    7429
    7276
    7230
    7300
    7373
    7439
    7421
    7362
    7390
    7397
    7313
    7445
    7320
    7441
    7288
    7213
    7417
    7383
    7363
    7277
    7409
    7496
    7365
    7311
    7485
    7293
    7279
    7303
    7340
    7281
    7290
    7376
    7351
    7352
    7271
    7276
    7360
    7331
    7254
    7452
    7426
    7252
    7304
    7213
    7304
    7443
    7513
    7250
    7321
    7404
    7396
    7371
    7373
    7384
    7399
    7350
    7341
    7358
    7382
    7396
    7225
    7319
    7465
    7358
    7304
    7386
    7372
    7447
    7370
    7279
    7411
    7434
    7214
    7447
    7389
    7485
    7436
    7397
    7303
    7463
    7528
    7353
    7455
    7340
    7331
    7391
    7296
    7327
    7333
    7246
    7406
    7406
    7339
    7414
    7278
    7355
    7314
    7286
    7420
    7315
    7461
    7235
    7488
    7373
    7318
    7413
    7335
    7258
    7351
    7354
    7521
    7396
    7335
    7249
    7391
    7343
    7354
    7217
    7340
    7439
    7389
    7311
    7447
    7382
    7400
    7317
    7489
    7357
    7378
    7345
    7412
    7355
    7322
    7389
    7516
    7348
    7399
    7436
    7373
    7318
    7449
    7315
    7323
    7532
    7277
    7232
    7264
    7423
    7353
    7449
    7393
    7361
    7438
    7345
    7443
    7521
    7436
    7498
    7382
    7267
    7360
    7412
    7318
    7373
    7387
    7424
    7397
    7490
    7405
    7468
    7538
    7302
    7461
    7319
    7357
    7427
    7422
    7490
    7384
    7457
    7363
    7321
    7187
    7269
    7260
    7351
    7303
    7418
    7401
    7376
    7230
    7343
    7391
    7369
    7405
    7347
    7400
    7364
    7362
    7493
    7426
    7293
    7360
    7405
    7302
    7402
    7561
    7316
    7321
    7381
    7449
    7280
    7324
    7454
    7455
    7434
    7288
    7586
    7447
    7433
    7319
    7409
    7291
    7439
    7397
    7332
    7512
    7303
    7329
    7374
    7435
    7403
    7398
    7236
    7334
    7471
    7489
    7362
    7387
    7304
    7450
    7482
    7342
    7398
    7407
    7353
    7346
    7281
    7307
    7548
    7408
    7424
    7183
    7266
    7354
    7341
    7369
    7492
    7280
    7450
    7449
    7336
    7333
    7318
    7503
    7501
    7426
    7481
    7358
    7364
    7348
    7390
    7497
    7372
    7560
    7450
    7470
    7503
    7385
    7399
    7285
    7369
    7427
    7333
    7371
    7438
    7348
    7345
    7273
    7366
    7265
    7243
    7342
    7319
    7357
    7413
    7439
    7363
    7294
    7461
    7482
    7372
    7367
    7386
    7444
    7308
    7242
    7443
    7468
    7379
    7430
    7467
    7428
    7262
    7362
    7375
    7489
    7335
    7368
    7284
    7455
    7426
    7303
    7392
    7277
    7386
    7294
    7387
    7443
    7543
    7475
    7324
    7258
    7259
    7477
    7520
    7368
    7310
    7397
    7343
    7378
    7371
    7351
    7371
    7491
    7462
    7512
    7451
    7369
    7301
    7384
    7271
    7427
    7269
    7331
    7298
    7273
    7320
    7363
    7379
    7363
    7335
    7432
    7366
    7278
    7421
    7394
    7458
    7354
    7537
    7444
    7308
    7393
    7400
    7331
    7350
    7433
    7427
    7382
    7229
    7358
    7393
    7373
    7450
    7396
    7345
    7428
    7486
    7364
    7285
    7261
    7361
    7353
    7363
    7452
    7358
    7400
    7548
    7387
    7414
    7307
    7382
    7413
    7487
    7488
    7482
    7338
    7394
    7276
    7343
    7403
    7480
    7455
    7398
    7349
    7421
    7423
    7397
    7272
    7295
    7408
    7487
    7333
    7399
    7323
    7390
    7436
    7291
    7500
    7513
    7394
    7423
    7347
    7351
    7387
    7392
    7399
    7396
    7386
    7294
    7338
    7358
    7383
    7322
    7430
    7458
    7171
    7347
    7293
    7268
    7256
    7234
    7303
    7322
    7207
    7223
    7270
    7418
    7311
    7236
    7405
    7319
    7369
    7398
    7551
    7397
    7434
    7503
    7361
    7404
    7442
    7294
    7348
    7324
    7490
    7439
    7385
    7426
    7376
    7421
    7370
    7299
    7331
    7385
    7220
    7401
    7265
    7476
    7341
    7296
    7338
    7321
    7306
    7441
    7424
    7357
    7375
    7238
    7378
    7332
    7301
    7294
    7468
    7352
    7473
    7359
    7347
    7424
    7397
    7298
    7428
    7414
    7352
    7496
    7392
    7469
    7343
    7260
    7320
    7353
    7323
    7251
    7325
    7321
    7388
    7301
    7410
    7395
    7306
    7405
    7415
    7429
    7402
    7417
    7269
    7429
    7400
    7345
    7438
    7397
    7451
    7307
    7439
    7393
    7195
    7300
    7231
    7430
    7515
    7342
    7320
    7323
    7365
    7508
    7563
    7284
    7431
    7230
    7399
    7341
    7289
    7251
    7429
    7408
    7355
    7441
    7335
    7513
    7241
    7511
    7312
    7379
    7279
    7255
    7469
    7379
    7494
    7425
    7400
    7257
    7433
    7326
    7460
    7473
    7230
    7385
    7452
    7398
    7258
    7449
    7406
    7271
    7345
    7438
    7401
    7289
    7450
    7218
    7313
    7364
    7282
    7368
    7299
    7330
    7180
    7370
    7432
    7255
    7431
    7403
    7400
    7371
    7359
    7372
    7267
    7293
    7294
    7331
    7453
    7244
    7426
    7310
    7332
    7371
    7439
    7385
    7493
    7281
    7248
    7325
    7424
    7265
    7332
    7323
    7302
    7511
    7555
    7297
    7437
    7597
    7352
    7365
    7253
    7587
    7397
    7263
    7347
    7323
    7413
    7381
    7478
    7402
    7372
    7242
    7401
    7297
    7382
    7429
    7303
    7296
    7372
    7378
    7437
    7354
    7307
    7530
    7307
    7401
    7421
    7419
    7453
    7338
    7366
    7408
    7268
    7421
    7381
    7380
    7410
    7315
    7203
    7366
    7377
    7311
    7400
    7284
    7347
    7489
    7355
    7311
    7413
    7488
    7533
    7368
    7267
    7386
    7402
    7468
    7414
    7346
    7389
    7274
    7265
    7454
    7449
    7221
    7286
    7216
    7313
    7489
    7380
    7409
    7312
    7370
    7314
    7392
    7407
    7302
    7467
    7331
    7281
    7344
    7313
    7336
    7496
    7360
    7459
    7295
    7317
    7322
    7394
    7464
    7399
    7466
    7329
    7397
    7268
    7343
    7431
    7522
    7460
    7393
    7353
    7298
    7447
    7425
    7384
    7381
    7351
    7447
    7469
    7396
    7246
    7397
    7368
    7326
    7428
    7298
    7509
    7538
    7322
    7494
    7339
    7416
    7300
    7505
    7269
    7325
    7330
    7497
    7172
    7352
    7447
    7375
    7338
    7396
    7495
    7420
    7332
    7441
    7340
    7407
    7350
    7399
    7384
    7186
    7527
    7402
    7526
    7361
    7428
    7342
    7344
    7406
    7479
    7338
    7463
    7455
    7425
    7348
    7414
    7282
    7362
    7299
    7355
    7385
    7388
    7304
    7381
    7253
    7302
    7243
    7339
    7301
    7386
    7321
    7468
    7339
    7337
    7250
    7356
    7421
    7332
    7397
    7408
    7284
    7409
    7309
    7255
    7408
    7392
    7285
    7384
    7441
    7491
    7387
    7384
    7342
    7258
    7261
    7348
    7398
    7323
    7386
    7380
    7291
    7503
    7371
    7470
    7371
    7306
    7291
    7285
    7330
    7352
    7370
    7379
    7336
    7337
    7430
    7473
    7330
    7354
    7374
    7223
    7369
    7412
    7339
    7454
    7470
    7351
    7468
    7323
    7307
    7435
    7281
    7381
    7356
    7305
    7302
    7359
    7395
    7290
    7273
    7367
    7370
    7356
    7370
    7410
    7533
    7367
    7532
    7331
    7415
    7279
    7437
    7256
    7316
    7472
    7413
    7426
    7384
    7396
    7354
    7333
    7347
    7396
    7281
    7427
    7420
    7348
    7434
    7321
    7280
    7362
    7302
    7400
    7428
    7372
    7381
    7429
    7429
    7371
    7406
    7400
    7529
    7290
    7517
    7425
    7452
    7453
    7306
    7408
    7337
    7491
    7271
    7311
    7461
    7286
    7341
    7333
    7363
    7355
    7295
    7272
    7269
    7536
    7440
    7540
    7361
    7453
    7306
    7461
    7240
    7263
    7298
    7407
    7463
    7516
    7386
    7415
    7342
    7464
    7398
    7214
    7376
    7301
    7364
    7501
    7296
    7225
    7391
    7370
    7301
    7565
    7378
    7340
    7403
    7425
    7284
    7299
    7269
    7157
    7323
    7390
    7400
    7341
    7313
    7433
    7309
    7293
    7349
    7409
    7378
    7423
    7405
    7229
    7415
    7275
    7337
    7254
    7306
    7273
    7354
    7406
    7376
    7298
    7417
    7364
    7346
    7393
    7309
    7345
    7415
    7381
    7450
    7446
    7299
    7483
    7344
    7402
    7351
    7332
    7371
    7308
    7415
    7343
    7401
    7280
    7244
    7255
    7360
    7495
    7343
    7380
    7296
    7353
    7469
    7305
    7423
    7414
    7450
    7389
    7421
    7350
    7424
    7400
    7350
    7493
    7538
    7488
    7317
    7303
    7312
    7373
    7453
    7483
    7412
    7295
    7423
    7272
    7407
    7237
    7331
    7476
    7433
    7549
    7406
    7228
    7351
    7247
    7417
    7331
    7449
    7429
    7401
    7302
    7358
    7460
    7164
    7496
    7380
    7385
    7279
    7447
    7331
    7389
    7421
    7343
    7397
    7328
    7349
    7409
    7311
    7333
    7368
    7306
    7391
    7349
    7353
    7349
    7409
    7399
    7256
    7403
    7356
    7220
    7438
    7456
    7306
    7380
    7381
    7330
    7359
    7463
    7339
    7340
    7460
    7494
    7569
    7477
    7248
    7346
    7466
    7380
    7410
    7431
    7339
    7377
    7388
    7431
    7311
    7343
    7382
    7326
    7340
    7260
    7330
    7305
    7407
    7367
    7327
    7412
    7447
    7395
    7344
    7406
    7382
    7406
    7349
    7339
    7229
    7290
    7336
    7252
    7270
    7313
    7469
    7258
    7422
    7499
    7355
    7336
    7361
    7352
    7340
    7307
    7250
    7259
    7234
    7417
    7383
    7228
    7353
    7548
    7413
    7280
    7310
    7555
    7258
    7423
    7208
    7390
    7457
    7299
    7374
    7354
    7437
    7476
    7413
    7426
    7383
    7277
    7361
    7313
    7322
    7490
    7253
    7395
    7359
    7387
    7311
    7486
    7294
    7412
    7364
    7410
    7416
    7571
    7412
    7260
    7294
    7391
    7353
    7352
    7427
    7416
    7346
    7396
    7407
    7328
    7300
    7348
    7351
    7202
    7444
    7549
    7473
    7445
    7352
    7302
    7310
    7343
    7357
    7319
    7377
    7373
    7361
    7418
    7422
    7400
    7462
    7420
    7452
    7337
    7389
    7411
    7366
    7309
    7474
    7350
    7371
    7313
    7277
    7324
    7517
    7310
    7274
    7398
    7327
    7368
    7331
    7368
    7364
    7324
    7461
    7444
    7224
    7403
    7309
    7458
    7364
    7403
    7350
    7403
    7465
    7376
    7283
    7311
    7327
    7268
    7339
    7443
    7322
    7359
    7443
    7340
    7456
    7381
    7436
    7332
    7404
    7267
    7362
    7318
    7384
    7384
    7456
    7399
    7360
    7324
    7288
    7446
    7387
    7247
    7187
    7354
    7572
    7310
    7380
    7297
    7351
    7353
    7430
    7224
    7472
    7306
    7359
    7343
    7450
    7367
    7226
    7499
    7439
    7501
    7294
    7275
    7390
    7430
    7290
    7374
    7342
    7382
    7373
    7432
    7283
    7482
    7345
    7304
    7242
    7388
    7420
    7457
    7342
    7195
    7486
    7359
    7391
    7414
    7284
    7383
    7373
    7332
    7382
    7326
    7455
    7404
    7382
    7409
    7506
    7441
    7353
    7255
    7407
    7264
    7408
    7417
    7429
    7318
    7423
    7348
    7408
    7436
    7373
    7408
    7358
    7348
    7454
    7451
    7450
    7301
    7504
    7468
    7273
    7223
    7553
    7359
    7354
    7370
    7554
    7283
    7388
    7424
    7398
    7370
    7511
    7315
    7339
    7472
    7442
    7351
    7382
    7369
    7335
    7320
    7297
    7465
    7364
    7372
    7455
    7363
    7375
    7392
    7462
    7474
    7452
    7419
    7287
    7433
    7456
    7406
    7382
    7384
    7406
    7364
    7419
    7369
    7328
    7476
    7296
    7390
    7430
    7216
    7380
    7352
    7469
    7354
    7411
    7326
    7322
    7302
    7371
    7285
    7346
    7294
    7346
    7298
    7311
    7314
    7307
    7351
    7440
    7386
    7444
    7412
    7625
    7288
    7425
    7443
    7442
    7306
    7270
    7273
    7476
    7277
    7340
    7300
    7279
    7355
    7452
    7408
    7270
    7377
    7383
    7297
    7308
    7271
    7394
    7370
    7266
    7260
    7399
    7336
    7329
    7379
    7449
    7375
    7364
    7473
    7363
    7487
    7408
    7337
    7431
    7445
    7269
    7346
    7282
    7314
    7480
    7476
    7441
    7414
    7408
    7436
    7409
    7446
    7446
    7398
    7383
    7285
    7384
    7365
    7356
    7289
    7417
    7273
    7441
    7443
    7413
    7379
    7356
    7234
    7398
    7370
    7474
    7404
    7461
    7366
    7410
    7367
    7421
    7405
    7479
    7412
    7333
    7351
    7375
    7236
    7313
    7396
    7435
    7347
    7328
    7457
    7370
    7393
    7377
    7437
    7276
    7459
    7330
    7470
    7499
    7383
    7422
    7279
    7533
    7262
    7403
    7287
    7397
    7361
    7438
    7216
    7309
    7542
    7358
    7475
    7221
    7354
    7395
    7392
    7292
    7422
    7309
    7315
    7376
    7359
    7372
    7330
    7485
    7372
    7505
    7308
    7286
    7270
    7275
    7246
    7380
    7444
    7366
    7269
    7460
    7348
    7351
    7303
    7260
    7321
    7394
    7376
    7291
    7342
    7347
    7278
    7453
    7413
    7495
    7287
    7403
    7310
    7399
    7431
    7298
    7278
    7339
    7428
    7342
    7452
    7223
    7404
    7374
    7393
    7284
    7348
    7415
    7390
    7371
    7393
    7413
    7305
    7436
    7461
    7359
    7369
    7369
    7432
    7297
    7431
    7345
    7327
    7338
    7366
    7343
    7455
    7368
    7550
    7449
    7487
    7497
    7319
    7334
    7303
    7338
    7282
    7394
    7330
    7452
    7447
    7435
    7409
    7600
    7450
    7326
    7342
    7361
    7345
    7372
    7494
    7346
    7426
    7254
    7346
    7296
    7319
    7296
    7472
    7407
    7264
    7408
    7242
    7279
    7411
    7374
    7395
    7259
    7281
    7455
    7265
    7400
    7313
    7500
    7428
    7427
    7362
    7458
    7287
    7457
    7461
    7325
    7395
    7552
    7502
    7337
    7385
    7431
    7355
    7305
    7297
    7417
    7281
    7405
    7334
    7327
    7263
    7394
    7366
    7304
    7416
    7440
    7303
    7295
    7408
    7374
    7329
    7612
    7339
    7242
    7467
    7312
    7298
    7554
    7481
    7347
    7408
    7292
    7331
    7363
    7380
    7413
    7178
    7406
    7288
    7356
    7292
    7320
    7387
    7376
    7415
    7355
    7371
    7407
    7366
    7409
    7407
    7478
    7427
    7369
    7399
    7465
    7309
    7389
    7389
    7259
    7343
    7408
    7280
    7373
    7380
    7444
    7426
    7391
    7341
    7537
    7241
    7326
    7241
    7427
    7355
    7375
    7317
    7358
    7356
    7420
    7622
    7321
    7267
    7553
    7331
    7453
    7298
    7348
    7417
    7372
    7349
    7392
    7355
    7362
    7358
    7339
    7416
    7426
    7414
    7202
    7414
    7386
    7360
    7395
    7367
    7326
    7365
    7374
    7361
    7395
    7413
    7396
    7257
    7248
    7266
    7352
    7380
    7382
    7387
    7424
    7395
    7331
    7379
    7235
    7395
    7360
    7337
    7325
    7338
    7415
    7233
    7434
    7307
    7339
    7251
    7332
    7412
    7379
    7312
    7364
    7320
    7418
    7369
    7304
    7447
    7328
    7274
    7375
    7624
    7285
    7348
    7216
    7426
    7289
    7381
    7482
    7323
    7356
    7428
    7258
    7358
    7376
    7342
    7397
    7318
    7339
    7424
    7471
    7527
    7281
    7465
    7266
    7443
    7312
    7450
    7421
    7280
    7470
    7275
    7533
    7341
    7314
    7454
    7391
    7409
    7382
    7267
    7227
    7263
    7524
    7342
    7427
    7581
    7397
    7322
    7520
    7359
    7259
    7344
    7312
    7381
    7374
    7324
    7345
    7299
    7366
    7458
    7327
    7375
    7211
    7410
    7384
    7346
    7509
    7421
    7421
    7365
    7441
    7338
    7410
    7448
    7316
    7382
    7238
    7353
    7366
    7349
    7474
    7427
    7371
    7534
    7356
    7476
    7359
    7366
    7221
    7405
    7485
    7331
    7360
    7397
    7317
    7299
    7374
    7479
    7445
    7488
    7371
    7482
    7445
    7437
    7268
    7335
    7296
    7346
    7408
    7290
    7359
    7358
    7370
    7306
    7514
    7434
    7374
    7422
    7448
    7306
    7308
    7407
    7350
    7356
    7357
    7363
    7353
    7362
    7354
    7343
    7278
    7444
    7388
    7265
    7227
    7243
    7276
    7478
    7297
    7177
    7404
    7442
    7362
    7355
    7458
    7473
    7266
    7386
    7399
    7218
    7435
    7275
    7281
    7574
    7262
    7438
    7300
    7347
    7429
    7271
    7458
    7347
    7416
    7435
    7363
    7369
    7469
    7387
    7357
    7271
    7439
    7494
    7400
    7455
    7310
    7398
    7328
    7356
    7444
    7407
    7409
    7293
    7425
    7308
    7349
    7434
    7328
    7380
    7413
    7442
    7514
    7354
    7360
    7436
    7328
    7334
    7514
    7348
    7400
    7445
    7325
    7355
    7444
    7230
    7257
    7305
    7334
    7284
    7402
    7264
    7320
    7437
    7397
    7370
    7342
    7413
    7355
    7381
    7158
    7364
    7407
    7358
    7400
    7511
    7412
    7298
    7389
    7173
    7363
    7446
    7363
    7323
    7473
    7330
    7466
    7323
    7366
    7462
    7384
    7456
    7303
    7281
    7417
    7224
    7366
    7262
    7293
    7349
    7286
    7327
    7345
    7329
    7374
    7384
    7313
    7319
    7499
    7313
    7370
    7344
    7268
    7450
    7369
    7328
    7296
    7383
    7485
    7406
    7338
    7435
    7352
    7404
    7352
    7369
    7223
    7392
    7394
    7539
    7468
    7359
    7441
    7454
    7419
    7415
    7404
    7382
    7359
    7300
    7402
    7318
    7366
    7410
    7230
    7307
    7485
    7496
    7362
    7372
    7386
    7375
    7266
    7437
    7390
    7380
    7400
    7291
    7491
    7402
    7414
    7285
    7397
    7384
    7409
    7398
    7394
    7330
    7376
    7379
    7459
    7400
    7367
    7381
    7343
    7368
    7398
    7179
    7489
    7226
    7323
    7360
    7313
    7317
    7460
    7453
    7422
    7239
    7384
    7307
    7221
    7466
    7361
    7355
    7405
    7472
    7317
    7397
    7417
    7239
    7360
    7418
    7282
    7403
    7268
    7281
    7345
    7419
    7264
    7490
    7345
    7260
    7416
    7337
    7414
    7456
    7233
    7305
    7478
    7407
    7326
    7623
    7461
    7420
    7483
    7445
    7383
    7373
    7333
    7514
    7417
    7370
    7417
    7375
    7405
    7437
    7426
    7449
    7236
    7466
    7432
    7442
    7360
    7286
    7343
    7294
    7425
    7332
    7289
    7360
    7376
    7427
    7364
    7571
    7461
    7404
    7306
    7346
    7334
    7473
    7295
    7286
    7347
    7285
    7296
    7420
    7371
    7363
    7395
    7442
    7404
    7312
    7341
    7367
    7386
    7364
    7339
    7383
    7297
    7193
    7282
    7464
    7326
    7254
    7296
    7440
    7322
    7415
    7430
    7319
    7316
    7327
    7371
    7431
    7414
    7407
    7379
    7418
    7229
    7456
    7411
    7403
    7368
    7358
    7291
    7316
    7344
    7406
    7389
    7396
    7289
    7408
    7324
    7381
    7235
    7372
    7350
    7356
    7418
    7353
    7417
    7298
    7500
    7407
    7348
    7333
    7387
    7303
    7386
    7307
    7406
    7518
    7394
    7385
    7312
    7472
    7420
    7331
    7448
    7156
    7356
    7393
    7443
    7477
    7365
    7420
    7376
    7405
    7386
    7438
    7347
    7371
    7316
    7472
    7572
    7434
    7422
    7312
    7306
    7412
    7401
    7419
    7343
    7337
    7261
    7301
    7374
    7358
    7305
    7363
    7257
    7384
    7404
    7328
    7370
    7363
    7500
    7311
    7392
    7394
    7289
    7443
    7317
    7320
    7319
    7389
    7409
    7383
    7442
    7383
    7346
    7349
    7427
    7466
    7352
    7358
    7248
    7523
    7342
    7449
    7272
    7436
    7446
    7309
    7272
    7250
    7380
    7350
    7353
    7315
    7286
    7468
    7341
    7411
    7552
    7406
    7308
    7403
    7239
    7386
    7279
    7471
    7329
    7454
    7365
    7354
    7487
    7402
    7438
    7437
    7236
    7468
    7338
    7387
    7386
    7398
    7338
    7478
    7490
    7377
    7451
    7338
    7390
    7359
    7410
    7427
    7445
    7363
    7411
    7326
    7523
    7314
    7271
    7521
    7333
    7348
    7352
    7368
    7398
    7339
    7339
    7497
    7242
    7459
    7503
    7381
    7515
    7347
    7283
    7512
    7454
    7315
    7362
    7302
    7336
    7310
    7457
    7295
    7404
    7349
    7445
    7440
    7392
    7340
    7408
    7467
    7360
    7420
    7378
    7212
    7381
    7453
    7335
    7358
    7277
    7327
    7348
    7327
    7337
    7379
    7333
    7251
    7490
    7310
    7312
    7280
    7377
    7361
    7498
    7260
    7298
    7276
    7317
    7389
    7321
    7451
    7287
    7353
    7438
    7282
    7319
    7387
    7396
    7346
    7409
    7408
    7296
    7426
    7514
    7398
    7423
    7293
    7280
    7208
    7304
    7371
    7356
    7403
    7407
    7436
    7415
    7410
    7356
    7341
    7447
    7443
    7361
    7285
    7442
    7301
    7438
    7379
    7486
    7321
    7443
    7325
    7439
    7316
    7483
    7380
    7418
    7388
    7345
    7389
    7412
    7439
    7547
    7470
    7286
    7414
    7318
    7404
    7438
    7379
    7402
    7292
    7368
    7465
    7404
    7264
    7303
    7458
    7288
    7447
    7360
    7418
    7379
    7395
    7377
    7269
    7179
    7234
    7443
    7308
    7395
    7413
    7423
    7397
    7298
    7402
    7425
    7272
    7364
    7414
    7341
    7411
    7349
    7370
    7304
    7369
    7332
    7330
    7375
    7305
    7417
    7371
    7533
    7300
    7389
    7469
    7238
    7252
    7396
    7378
    7331
    7466
    7330
    7275
    7329
    7375
    7376
    7318
    7474
    7429
    7394
    7314
    7385
    7295
    7263
    7432
    7424
    7471
    7396
    7338
    7355
    7468
    7305
    7424
    7316
    7559
    7296
    7405
    7300
    7447
    7345
    7360
    7240
    7366
    7469
    7321
    7305
    7397
    7411
    7470
    7299
    7311
    7305
    7424
    7198
    7256
    7333
    7487
    7400
    7464
    7462
    7473
    7551
    7249
    7290
    7382
    7386
    7602
    7335
    7269
    7379
    7436
    7441
    7352
    7380
    7331
    7450
    7389
    7422
    7516
    7459
    7319
    7324
    7372
    7325
    7505
    7229
    7495
    7405
    7450
    7479
    7413
    7268
    7342
    7442
    7379
    7420
    7459
    7326
    7463
    7326
    7251
    7420
    7379
    7333
    7458
    7535
    7399
    7266
    7348
    7338
    7194
    7435
    7476
    7367
    7355
    7443
    7453
    7468
    7412
    7336
    7409
    7340
    7259
    7255
    7433
    7305
    7330
    7264
    7303
    7402
    7203
    7264
    7243
    7259
    7483
    7221
    7299
    7268
    7252
    7364
    7202
    7341
    7311
    7512
    7398
    7273
    7141
    7418
    7329
    7388
    7267
    7383
    7280
    7305
    7388
    7374
    7394
    7403
    7292
    7320
    7316
    7289
    7398
    7454
    7366
    7403
    7401
    7429
    7353
    7327
    7394
    7435
    7436
    7403
    7369
    7343
    7350
    7360
    7480
    7485
    7331
    7388
    7416
    7343
    7344
    7321
    7413
    7397
    7438
    7354
    7453
    7299
    7441
    7334
    7357
    7579
    7415
    7458
    7283
    7527
    7386
    7341
    7303
    7452
    7358
    7323
    7497
    7261
    7325
    7382
    7369
    7315
    7332
    7314
    7320
    7368
    7383
    7424
    7448
    7283
    7342
    7400
    7249
    7414
    7376
    7328
    7323
    7392
    7485
    7421
    7389
    7265
    7225
    7456
    7449
    7381
    7316
    7335
    7248
    7182
    7464
    7352
    7403
    7375
    7401
    7440
    7510
    7437
    7419
    7263
    7270
    7453
    7358
    7407
    7394
    7338
    7314
    7374
    7473
    7295
    7309
    7381
    7309
    7351
    7252
    7432
    7422
    7438
    7329
    7326
    7405
    7284
    7421
    7429
    7358
    7395
    7386
    7350
    7361
    7232
    7383
    7463
    7335
    7326
    7501
    7376
    7308
    7296
    7314
    7348
    7480
    7371
    7354
    7484
    7452
    7415
    7268
    7310
    7510
    7312
    7331
    7368
    7371
    7341
    7480
    7312
    7339
    7505
    7381
    7392
    7459
    7415
    7437
    7336
    7462
    7299
    7410
    7358
    7516
    7353
    7406
    7326
    7269
    7405
    7566
    7310
    7482
    7398
    7452
    7450
    7447
    7424
    7316
    7243
    7431
    7513
    7257
    7519
    7385
    7287
    7439
    7273
    7369
    7406
    7334
    7424
    7347
    7378
    7325
    7450
    7412
    7436
    7428
    7389
    7379
    7391
    7343
    7350
    7364
    7460
    7414
    7560
    7437
    7364
    7511
    7526
    7224
    7256
    7367
    7400
    7412
    7388
    7314
    7491
    7368
    7405
    7370
    7332
    7292
    7319
    7304
    7292
    7323
    7385
    7247
    7292
    7380
    7400
    7347
    7298
    7295
    7340
    7446
    7499
    7307
    7314
    7421
    7391
    7349
    7474
    7460
    7335
    7300
    7388
    7355
    7404
    7295
    7443
    7409
    7311
    7375
    7368
    7291
    7372
    7343
    7474
    7325
    7274
    7346
    7329
    7360
    7260
    7395
    7388
    7386
    7501
    7279
    7323
    7356
    7376
    7273
    7275
    7353
    7391
    7403
    7343
    7402
    7480
    7463
    7239
    7486
    7423
    7433
    7380
    7380
    7297
    7295
    7448
    7455
    7483
    7450
    7281
    7170
    7441
    7318
    7398
    7373
    7434
    7385
    7362
    7307
    7378
    7352
    7304
    7325
    7269
    7446
    7460
    7253
    7445
    7440
    7475
    7264
    7358
    7311
    7394
    7309
    7325
    7350
    7267
    7394
    7316
    7257
    7373
    7363
    7431
    7293
    7325
    7376
    7469
    7358
    7372
    7218
    7367
    7371
    7282
    7439
    7425
    7475
    7360
    7345
    7404
    7295
    7445
    7465
    7467
    7339
    7296
    7297
    7313
    7363
    7342
    7405
    7306
    7439
    7407
    7556
    7346
    7485
    7402
    7215
    7390
    7433
    7414
    7279
    7344
    7376
    7279
    7300
    7454
    7431
    7312
    7466
    7464
    7362
    7393
    7338
    7329
    7379
    7284
    7303
    7254
    7343
    7257
    7291
    7504
    7482
    7481
    7360
    7298
    7262
    7159
    7427
    7288
    7288
    7352
    7265
    7339
    7428
    7367
    7365
    7307
    7364
    7471
    7475
    7317
    7369
    7317
    7376
    7429
    7501
    7241
    7252
    7257
    7332
    7363
    7258
    7444
    7496
    7274
    7309
    7415
    7534
    7456
    7371
    7427
    7387
    7403
    7383
    7314
    7366
    7445
    7429
    7341
    7388
    7434
    7354
    7438
    7520
    7282
    7516
    7486
    7490
    7477
    7328
    7335
    7379
    7201
    7480
    7405
    7558
    7477
    7287
    7408
    7292
    7405
    7354
    7390
    7395
    7304
    7460
    7442
    7372
    7271
    7279
    7282
    7387
    7318
    7227
    7429
    7374
    7403
    7482
    7393
    7451
    7342
    7418
    7389
    7484
    7478
    7425
    7334
    7535
    7278
    7337
    7376
    7415
    7256
    7374
    7295
    7402
    7237
    7322
    7389
    7335
    7386
    7297
    7394
    7228
    7392
    7264
    7297
    7246
    7384
    7300
    7311
    7414
    7372
    7337
    7398
    7327
    7290
    7377
    7322
    7240
    7244
    7232
    7351
    7387
    7330
    7311
    7420
    7257
    7335
    7467
    7406
    7264
    7408
    7292
    7437
    7494
    7393
    7320
    7467
    7418
    7376
    7326
    7407
    7305
    7284
    7406
    7400
    7528
    7342
    7394
    7405
    7233
    7257
    7381
    7345
    7382
    7272
    7277
    7506
    7440
    7418
    7387
    7553
    7448
    7490
    7319
    7448
    7433
    7415
    7385
    7332
    7356
    7350
    7554
    7499
    7430
    7356
    7480
    7280
    7312
    7165
    7454
    7463
    7405
    7368
    7403
    7344
    7446
    7382
    7252
    7406
    7511
    7377
    7321
    7350
    7279
    7432
    7545
    7361
    7365
    7550
    7543
    7426
    7482
    7244
    7361
    7337
    7355
    7364
    7464
    7140
    7501
    7397
    7282
    7476
    7320
    7394
    7341
    7386
    7364
    7429
    7393
    7364
    7491
    7622
    7125
    7284
    7291
    7392
    7128
    7260
    7297
    7474
    7472
    7533
    7397
    7462
    7342
    7486
    7349
    7271
    7439
    7262
    7550
    7355
    7486
    7498
    7340
    7408
    7470
    7482
    7356
    7421
    7166
    7393
    7338
    7260
    7326
    7303
    7387
    7340
    7470
    7438
    7407
    7412
    7365
    7325
    7317
    7280
    7347
    7365
    7460
    7339
    7416
    7437
    7390
    7354
    7374
    7449
    7364
    7274
    7397
    7328
    7408
    7442
    7278
    7458
    7294
    7412
    7378
    7496
    7361
    7436
    7258
    7385
    7357
    7437
    7224
    7233
    7347
    7461
    7477
    7256
    7367
    7371
    7399
    7360
    7376
    7404
    7468
    7584
    7366
    7400
    7345
    7508
    7395
    7299
    7534
    7375
    7361
    7284
    7432
    7463
    7315
    7379
    7541
    7515
    7416
    7374
    7385
    7244
    7357
    7405
    7352
    7542
    7316
    7376
    7254
    7415
    7273
    7346
    7378
    7278
    7374
    7386
    7386
    7374
    7421
    7358
    7300
    7351
    7419
    7381
    7367
    7372
    7390
    7482
    7230
    7437
    7375
    7398
    7359
    7389
    7353
    7447
    7424
    7354
    7413
    7397
    7411
    7504
    7434
    7392
    7322
    7391
    7399
    7387
    7477
    7357
    7218
    7355
    7363
    7440
    7497
    7303
    7307
    7375
    7365
    7454
    7294
    7417
    7390
    7364
    7393
    7456
    7352
    7394
    7315
    7360
    7291
    7362
    7363
    7550
    7402
    7439
    7386
    7436
    7444
    7551
    7391
    7302
    7399
    7408
    7393
    7325
    7445
    7369
    7374
    7311
    7253
    7313
    7465
    7437
    7528
    7392
    7339
    7469
    7408
    7400
    7539
    7284
    7335
    7375
    7389
    7409
    7303
    7412
    7342
    7408
    7480
    7435
    7351
    7394
    7442
    7285
    7403
    7347
    7385
    7292
    7337
    7353
    7433
    7428
    7344
    7358
    7482
    7370
    7495
    7295
    7527
    7331
    7235
    7332
    7487
    7498
    7392
    7384
    7536
    7486
    7441
    7359
    7447
    7315
    7312
    7379
    7417
    7289
    7364
    7449
    7334
    7306
    7306
    7425
    7447
    7390
    7504
    7276
    7408
    7409
    7350
    7327
    7485
    7426
    7374
    7251
    7292
    7338
    7436
    7302
    7492
    7262
    7389
    7504
    7417
    7417
    7249
    7329
    7365
    7351
    7263
    7223
    7438
    7372
    7311
    7433
    7448
    7366
    7487
    7377
    7350
    7313
    7402
    7434
    7483
    7534
    7335
    7347
    7256
    7399
    7331
    7391
    7358
    7413
    7387
    7397
    7470
    7454
    7208
    7394
    7290
    7382
    7370
    7331
    7391
    7548
    7339
    7259
    7263
    7359
    7416
    7363
    7459
    7172
    7415
    7451
    7307
    7431
    7409
    7207
    7316
    7367
    7399
    7524
    7346
    7312
    7362
    7357
    7412
    7370
    7431
    7413
    7489
    7451
    7304
    7356
    7395
    7440
    7228
    7315
    7390
    7317
    7409
    7490
    7372
    7411
    7378
    7326
    7429
    7430
    7493
    7415
    7303
    7300
    7389
    7512
    7494
    7439
    7314
    7350
    7293
    7367
    7383
    7438
    7421
    7357
    7330
    7235
    7338
    7103
    7324
    7257
    7300
    7392
    7406
    7346
    7366
    7214
    7250
    7306
    7514
    7360
    7326
    7365
    7379
    7280
    7272
    7409
    7411
    7336
    7343
    7379
    7336
    7339
    7430
    7524
    7429
    7409
    7424
    7346
    7261
    7321
    7456
    7455
    7329
    7414
    7440
    7336
    7318
    7212
    7326
    7532
    7566
    7219
    7324
    7344
    7458
    7429
    7376
    7340
    7491
    7361
    7303
    7286
    7384
    7426
    7387
    7456
    7339
    7214
    7329
    7400
    7509
    7388
    7517
    7371
    7260
    7302
    7304
    7441
    7393
    7394
    7450
    7387
    7280
    7398
    7375
    7497
    7385
    7400
    7438
    7382
    7321
    7425
    7503
    7407
    7429
    7331
    7401
    7391
    7284
    7271
    7477
    7293
    7336
    7516
    7421
    7284
    7366
    7412
    7315
    7434
    7420
    7471
    7334
    7568
    7368
    7203
    7377
    7325
    7386
    7492
    7417
    7409
    7361
    7441
    7469
    7388
    7364
    7426
    7537
    7447
    7462
    7350
    7313
    7402
    7352
    7326
    7397
    7313
    7398
    7333
    7275
    7377
    7397
    7393
    7380
    7435
    7357
    7402
    7228
    7297
    7331
    7404
    7385
    7364
    7305
    7361
    7406
    7330
    7275
    7424
    7412
    7345
    7260
    7434
    7419
    7302
    7536
    7372
    7452
    7446
    7401
    7362
    7383
    7303
    7351
    7330
    7230
    7341
    7385
    7436
    7444
    7480
    7437
    7317
    7383
    7404
    7267
    7423
    7332
    7406
    7336
    7393
    7216
    7313
    7400
    7473
    7295
    7325
    7474
    7228
    7231
    7436
    7388
    7304
    7321
    7483
    7301
    7410
    7303
    7587
    7240
    7291
    7344
    7509
    7378
    7281
    7320
    7365
    7425
    7336
    7439
    7373
    7332
    7419
    7383
    7482
    7230
    7346
    7396
    7319
    7278
    7385
    7372
    7418
    7371
    7465
    7472
    7312
    7320
    7475
    7362
    7381
    7441
    7432
    7446
    7252
    7457
    7317
    7301
    7307
    7358
    7342
    7342
    7320
    7356
    7529
    7435
    7455
    7342
    7431
    7445
    7204
    7367
    7437
    7473
    7457
    7329
    7387
    7504
    7393
    7273
    7360
    7308
    7411
    7358
    7359
    7332
    7344
    7402
    7364
    7454
    7343
    7462
    7207
    7300
    7344
    7368
    7435
    7462
    7328
    7330
    7426
    7406
    7476
    7434
    7334
    7371
    7392
    7395
    7389
    7347
    7373
    7413
    7331
    7420
    7320
    7429
    7271
    7308
    7372
    7355
    7323
    7225
    7454
    7286
    7439
    7273
    7294
    7337
    7408
    7355
    7328
    7445
    7369
    7307
    7229
    7392
    7339
    7479
    7418
    7328
    7400
    7438
    7202
    7387
    7459
    7352
    7410
    7347
    7435
    7398
    7307
    7426
    7436
    7506
    7284
    7390
    7467
    7405
    7420
    7345
    7257
    7339
    7286
    7381
    7402
    7364
    7331
    7352
    7373
    7306
    7473
    7362
    7336
    7290
    7399
    7433
    7378
    7475
    7296
    7422
    7503
    7281
    7369
    7388
    7284
    7461
    7380
    7415
    7472
    7406
    7335
    7376
    7305
    7460
    7391
    7256
    7374
    7360
    7299
    7264
    7449
    7282
    7495
    7377
    7426
    7419
    7331
    7503
    7463
    7429
    7359
    7460
    7464
    7380
    7468
    7397
    7375
    7379
    7378
    7439
    7235
    7306
    7500
    7328
    7450
    7360
    7293
    7420
    7259
    7201
    7417
    7387
    7388
    7311
    7427
    7265
    7384
    7382
    7366
    7424
    7321
    7313
    7369
    7443
    7246
    7399
    7413
    7332
    7477
    7412
    7313
    7370
    7205
    7504
    7263
    7408
    7497
    7310
    7159
    7489
    7528
    7375
    7396
    7329
    7349
    7432
    7494
    7271
    7335
    7388
    7482
    7343
    7269
    7552
    7370
    7246
    7315
    7259
    7491
    7397
    7302
    7328
    7436
    7336
    7453
    7214
    7327
    7391
    7287
    7332
    7327
    7364
    7360
    7146
    7360
    7416
    7441
    7438
    7353
    7211
    7237
    7382
    7402
    7361
    7352
    7368
    7267
    7531
    7278
    7355
    7261
    7293
    7354
    7384
    7427
    7332
    7362
    7377
    7263
    7432
    7299
    7356
    7306
    7296
    7262
    7326
    7355
    7584
    7284
    7299
    7252
    7293
    7446
    7357
    7418
    7429
    7342
    7484
    7343
    7354
    7348
    7398
    7469
    7506
    7303
    7312
    7339
    7352
    7435
    7403
    7314
    7388
    7452
    7305
    7417
    7396
    7392
    7339
    7237
    7418
    7362
    7274
    7331
    7531
    7331
    7531
    7331
    7404
    7427
    7466
    7422
    7270
    7327
    7360
    7225
    7371
    7415
    7517
    7341
    7294
    7304
    7454
    7507
    7486
    7394
    7309
    7383
    7422
    7429
    7269
    7329
    7387
    7418
    7388
    7402
    7457
    7362
    7279
    7243
    7312
    7333
    7342
    7204
    7379
    7445
    7370
    7275
    7431
    7421
    7481
    7332
    7354
    7393
    7475
    7312
    7343
    7343
    7259
    7473
    7331
    7365
    7393
    7259
    7361
    7402
    7351
    7336
    7345
    7324
    7247
    7507
    7434
    7245
    7508
    7446
    7357
    7338
    7454
    7369
    7342
    7349
    7254
    7447
    7292
    7399
    7444
    7363
    7338
    7421
    7458
    7344
    7233
    7363
    7455
    7360
    7318
    7359
    7362
    7405
    7323
    7408
    7329
    7346
    7289
    7355
    7298
    7417
    7407
    7447
    7238
    7320
    7432
    7371
    7460
    7400
    7539
    7432
    7574
    7247
    7265
    7503
    7351
    7347
    7400
    7500
    7451
    7418
    7320
    7410
    7456
    7405
    7391
    7477
    7285
    7319
    7320
    7452
    7245
    7409
    7273
    7315
    7514
    7311
    7344
    7340
    7427
    7381
    7390
    7390
    7308
    7444
    7340
    7378
    7481
    7333
    7440
    7456
    7230
    7407
    7401
    7313
    7394
    7368
    7398
    7346
    7262
    7341
    7319
    7406
    7270
    7455
    7301
    7486
    7421
    7388
    7394
    7266
    7289
    7271
    7553
    7354
    7276
    7234
    7280
    7331
    7401
    7442
    7354
    7347
    7226
    7260
    7531
    7392
    7390
    7359
    7305
    7407
    7374
    7388
    7389
    7427
    7472
    7367
    7457
    7455
    7284
    7433
    7308
    7443
    7387
    7411
    7430
    7301
    7268
    7489
    7272
    7398
    7305
    7323
    7407
    7420
    7490
    7382
    7379
    7461
    7510
    7416
    7383
    7284
    7356
    7415
    7345
    7341
    7354
    7414
    7412
    7354
    7486
    7315
    7298
    7355
    7503
    7481
    7379
    7378
    7346
    7437
    7366
    7485
    7460
    7198
    7387
    7498
    7376
    7446
    7366
    7351
    7457
    7222
    7399
    7255
    7567
    7510
    7333
    7382
    7396
    7238
    7459
    7427
    7405
    7395
    7412
    7483
    7403
    7453
    7283
    7298
    7393
    7373
    7310
    7375
    7408
    7538
    7285
    7372
    7274
    7359
    7310
    7255
    7413
    7274
    7314
    7432
    7350
    7259
    7301
    7271
    7363
    7328
    7330
    7398
    7348
    7369
    7358
    7304
    7413
    7330
    7328
    7412
    7378
    7363
    7393
    7279
    7468
    7301
    7264
    7301
    7431
    7252
    7564
    7406
    7510
    7319
    7439
    7473
    7193
    7259
    7311
    7359
    7411
    7392
    7327
    7399
    7415
    7316
    7394
    7564
    7389
    7420
    7601
    7465
    7354
    7287
    7449
    7343
    7526
    7548
    7312
    7259
    7381
    7440
    7284
    7464
    7440
    7386
    7337
    7425
    7404
    7239
    7430
    7309
    7437
    7304
    7312
    7450
    7379
    7417
    7351
    7388
    7353
    7463
    7484
    7384
    7368
    7487
    7428
    7246
    7331
    7356
    7349
    7394
    7322
    7348
    7270
    7327
    7352
    7419
    7437
    7264
    7362
    7356
    7466
    7275
    7375
    7399
    7317
    7381
    7368
    7157
    7303
    7369
    7478
    7253
    7311
    7520
    7340
    7405
    7401
    7390
    7488
    7399
    7326
    7310
    7482
    7328
    7413
    7376
    7357
    7358
    7278
    7389
    7395
    7462
    7371
    7312
    7209
    7330
    7346
    7361
    7350
    7513
    7363
    7409
    7461
    7440
    7380
    7431
    7430
    7250
    7444
    7355
    7231
    7345
    7350
    7403
    7458
    7424
    7224
    7344
    7378
    7384
    7241
    7379
    7295
    7382
    7331
    7497
    7360
    7281
    7496
    7285
    7480
    7411
    7456
    7406
    7348
    7250
    7278
    7327
    7316
    7354
    7330
    7324
    7323
    7439
    7483
    7497
    7339
    7311
    7319
    7516
    7360
    7349
    7363
    7437
    7396
    7512
    7360
    7496
    7348
    7252
    7254
    7434
    7337
    7368
    7441
    7322
    7448
    7260
    7398
    7473
    7275
    7467
    7368
    7438
    7345
    7461
    7331
    7445
    7359
    7444
    7483
    7441
    7331
    7220
    7444
    7238
    7397
    7440
    7266
    7342
    7326
    7350
    7382
    7367
    7317
    7416
    7266
    7496
    7412
    7423
    7388
    7333
    7425
    7440
    7347
    7383
    7270
    7273
    7403
    7419
    7357
    7514
    7315
    7406
    7245
    7347
    7499
    7382
    7383
    7368
    7389
    7439
    7373
    7316
    7383
    7283
    7424
    7447
    7454
    7481
    7355
    7410
    7376
    7224
    7273
    7433
    7434
    7414
    7400
    7398
    7449
    7537
    7289
    7473
    7403
    7377
    7348
    7497
    7288
    7412
    7338
    7494
    7280
    7478
    7299
    7447
    7360
    7211
    7302
    7315
    7322
    7429
    7250
    7458
    7511
    7398
    7476
    7423
    7270
    7261
    7346
    7419
    7215
    7441
    7301
    7435
    7331
    7314
    7369
    7280
    7389
    7417
    7214
    7388
    7460
    7391
    7445
    7370
    7475
    7299
    7376
    7400
    7373
    7492
    7454
    7353
    7250
    7290
    7392
    7487
    7379
    7308
    7279
    7391
    7412
    7325
    7420
    7435
    7338
    7304
    7395
    7351
    7358
    7308
    7365
    7343
    7402
    7336
    7365
    7235
    7275
    7501
    7332
    7419
    7472
    7389
    7382
    7548
    7245
    7455
    7333
    7354
    7251
    7486
    7309
    7365
    7268
    7420
    7389
    7479
    7388
    7553
    7256
    7393
    7421
    7489
    7418
    7371
    7475
    7388
    7377
    7305
    7398
    7280
    7363
    7425
    7242
    7325
    7465
    7321
    7434
    7278
    7427
    7323
    7372
    7344
    7377
    7287
    7360
    7452
    7363
    7330
    7271
    7468
    7320
    7390
    7305
    7446
    7500
    7542
    7369
    7245
    7383
    7372
    7337
    7320
    7329
    7393
    7315
    7356
    7442
    7460
    7417
    7388
    7413
    7268
    7381
    7386
    7263
    7469
    7330
    7333
    7435
    7384
    7394
    7310
    7315
    7504
    7270
    7256
    7405
    7466
    7345
    7469
    7338
    7363
    7311
    7238
    7254
    7506
    7416
    7435
    7327
    7331
    7461
    7324
    7434
    7403
    7267
    7414
    7436
    7416
    7234
    7487
    7355
    7255
    7377
    7302
    7258
    7306
    7317
    7509
    7358
    7363
    7394
    7396
    7329
    7461
    7308
    7358
    7427
    7381
    7333
    7275
    7459
    7446
    7329
    7431
    7351
    7385
    7390
    7422
    7490
    7372
    7396
    7323
    7390
    7330
    7360
    7268
    7423
    7385
    7355
    7329
    7379
    7363
    7221
    7325
    7217
    7230
    7439
    7341
    7298
    7428
    7528
    7463
    7255
    7378
    7344
    7315
    7344
    7314
    7293
    7406
    7435
    7387
    7461
    7299
    7250
    7503
    7378
    7355
    7279
    7589
    7337
    7235
    7283
    7380
    7389
    7440
    7295
    7293
    7521
    7517
    7453
    7399
    7355
    7464
    7349
    7393
    7285
    7408
    7232
    7474
    7348
    7295
    7429
    7477
    7375
    7355
    7461
    7390
    7391
    7458
    7487
    7176
    7343
    7459
    7415
    7326
    7427
    7487
    7375
    7494
    7373
    7444
    7389
    7373
    7278
    7489
    7378
    7236
    7278
    7363
    7437
    7204
    7352
    7451
    7361
    7540
    7373
    7290
    7405
    7345
    7399
    7417
    7377
    7285
    7367
    7390
    7323
    7412
    7280
    7326
    7341
    7385
    7318
    7377
    7425
    7393
    7390
    7485
    7340
    7236
    7365
    7301
    7338
    7363
    7301
    7346
    7362
    7471
    7258
    7258
    7478
    7096
    7346
    7283
    7340
    7529
    7285
    7368
    7302
    7449
    7338
    7378
    7410
    7342
    7446
    7413
    7301
    7409
    7292
    7415
    7313
    7374
    7335
    7406
    7224
    7456
    7219
    7352
    7346
    7353
    7501
    7455
    7289
    7265
    7445
    7267
    7422
    7299
    7199
    7370
    7399
    7403
    7346
    7323
    7385
    7435
    7392
    7325
    7211
    7427
    7348
    7306
    7387
    7343
    7422
    7305
    7387
    7401
    7296
    7412
    7289
    7352
    7269
    7280
    7324
    7383
    7357
    7347
    7370
    7406
    7335
    7343
    7413
    7376
    7392
    7345
    7329
    7280
    7356
    7461
    7413
    7316
    7383
    7407
    7393
    7445
    7326
    7455
    7359
    7470
    7229
    7372
    7324
    7379
    7471
    7348
    7402
    7542
    7299
    7356
    7327
    7342
    7346
    7495
    7309
    7294
    7290
    7198
    7454
    7342
    7394
    7468
    7409
    7487
    7387
    7387
    7321
    7369
    7351
    7466
    7408
    7301
    7276
    7235
    7252
    7340
    7460
    7343
    7519
    7302
    7234
    7420
    7448
    7441
    7410
    7473
    7337
    7317
    7344
    7341
    7315
    7180
    7399
    7437
    7407
    7435
    7292
    7340
    7447
    7413
    7288
    7352
    7404
    7350
    7242
    7355
    7232
    7381
    7415
    7264
    7171
    7321
    7296
    7465
    7277
    7281
    7406
    7329
    7367
    7307
    7405
    7462
    7567
    7387
    7373
    7446
    7503
    7414
    7331
    7341
    7377
    7219
    7419
    7440
    7388
    7273
    7336
    7500
    7274
    7408
    7391
    7285
    7442
    7392
    7306
    7421
    7400
    7551
    7412
    7286
    7271
    7474
    7368
    7331
    7452
    7461
    7386
    7387
    7196
    7302
    7378
    7330
    7362
    7398
    7437
    7355
    7407
    7381
    7341
    7320
    7335
    7355
    7314
    7345
    7353
    7373
    7273
    7371
    7289
    7397
    7338
    7428
    7420
    7400
    7433
    7406
    7345
    7523
    7441
    7392
    7449
    7529
    7376
    7236
    7318
    7361
    7302
    7428
    7349
    7409
    7462
    7371
    7266
    7521
    7373
    7393
    7329
    7400
    7342
    7235
    7469
    7421
    7281
    7343
    7364
    7392
    7460
    7474
    7275
    7279
    7274
    7326
    7361
    7400
    7438
    7382
    7204
    7270
    7406
    7359
    7401
    7409
    7568
    7430
    7357
    7381
    7364
    7406
    7336
    7444
    7495
    7287
    7383
    7438
    7319
    7239
    7318
    7373
    7342
    7253
    7303
    7452
    7355
    7362
    7372
    7403
    7300
    7444
    7300
    7367
    7426
    7271
    7358
    7403
    7375
    7366
    7584
    7374
    7439
    7335
    7480
    7359
    7345
    7389
    7384
    7345
    7360
    7261
    7304
    7312
    7284
    7369
    7265
    7271
    7429
    7420
    7498
    7528
    7380
    7370
    7332
    7446
    7430
    7363
    7376
    7378
    7277
    7445
    7427
    7286
    7394
    7536
    7399
    7428
    7443
    7371
    7468
    7264
    7313
    7259
    7464
    7338
    7378
    7386
    7338
    7485
    7486
    7502
    7314
    7421
    7399
    7465
    7307
    7188
    7356
    7341
    7529
    7361
    7399
    7476
    7315
    7336
    7427
    7280
    7452
    7154
    7512
    7396
    7289
    7349
    7342
    7427
    7376
    7383
    7298
    7268
    7416
    7302
    7436
    7537
    7397
    7381
    7391
    7434
    7325
    7292
    7374
    7483
    7332
    7319
    7273
    7315
    7434
    7360
    7318
    7276
    7369
    7272
    7362
    7305
    7442
    7291
    7358
    7330
    7364
    7438
    7432
    7416
    7315
    7346
    7475
    7255
    7468
    7440
    7521
    7461
    7425
    7452
    7372
    7242
    7282
    7415
    7390
    7419
    7328
    7423
    7415
    7368
    7228
    7411
    7440
    7497
    7459
    7294
    7458
    7421
    7295
    7421
    7279
    7296
    7362
    7319
    7394
    7467
    7442
    7353
    7454
    7462
    7360
    7375
    7462
    7406
    7428
    7404
    7379
    7398
    7464
    7376
    7367
    7365
    7423
    7418
    7402
    7380
    7416
    7521
    7385
    7541
    7322
    7253
    7440
    7265
    7349
    7425
    7641
    7321
    7299
    7419
    7244
    7516
    7326
    7491
    7530
    7289
    7426
    7363
    7424
    7428
    7395
    7318
    7284
    7431
    7329
    7376
    7489
    7424
    7306
    7390
    7328
    7653
    7282
    7452
    7367
    7441
    7303
    7345
    7325
    7430
    7365
    7420
    7420
    7325
    7132
    7291
    7366
    7491
    7159
    7439
    7456
    7414
    7418
    7441
    7477
    7299
    7293
    7488
    7415
    7423
    7240
    7336
    7375
    7425
    7434
    7453
    7303
    7409
    7532
    7334
    7412
    7312
    7389
    7293
    7317
    7327
    7384
    7162
    7451
    7253
    7360
    7371
    7416
    7450
    7410
    7457
    7373
    7407
    7178
    7387
    7426
    7382
    7334
    7423
    7410
    7254
    7521
    7412
    7420
    7290
    7217
    7417
    7443
    7312
    7460
    7498
    7529
    7424
    7270
    7366
    7283
    7326
    7366
    7463
    7321
    7435
    7315
    7452
    7485
    7421
    7459
    7296
    7351
    7327
    7328
    7292
    7404
    7329
    7404
    7396
    7389
    7410
    7242
    7303
    7405
    7352
    7477
    7436
    7491
    7467
    7294
    7412
    7410
    7540
    7442
    7396
    7496
    7322
    7444
    7488
    7388
    7278
    7273
    7420
    7291
    7362
    7353
    7551
    7409
    7440
    7392
    7356
    7429
    7469
    7370
    7309
    7482
    7456
    7331
    7285
    7401
    7392
    7394
    7368
    7332
    7390
    7378
    7378
    7367
    7448
    7396
    7459
    7328
    7393
    7502
    7514
    7410
    7429
    7337
    7381
    7216
    7317
    7454
    7444
    7320
    7361
    7390
    7412
    7333
    7401
    7347
    7331
    7369
    7288
    7390
    7280
    7440
    7393
    7322
    7306
    7348
    7415
    7360
    7308
    7369
    7410
    7409
    7265
    7285
    7268
    7316
    7317
    7367
    7342
    7238
    7416
    7425
    7386
    7370
    7434
    7327
    7226
    7427
    7415
    7388
    7425
    7489
    7350
    7334
    7414
    7398
    7451
    7485
    7523
    7426
    7374
    7396
    7223
    7505
    7375
    7296
    7321
    7324
    7448
    7324
    7251
    7330
    7327
    7304
    7454
    7476
    7328
    7348
    7307
    7421
    7332
    7391
    7326
    7443
    7408
    7284
    7452
    7414
    7470
    7372
    7437
    7311
    7439
    7444
    7380
    7306
    7389
    7357
    7451
    7353
    7328
    7250
    7352
    7427
    7299
    7462
    7254
    7443
    7351
    7240
    7368
    7416
    7458
    7460
    7462
    7416
    7305
    7291
    7252
    7453
    7392
    7323
    7298
    7376
    7516
    7464
    7316
    7387
    7252
    7327
    7297
    7354
    7350
    7465
    7423
    7352
    7360
    7398
    7472
    7322
    7371
    7402
    7305
    7332
    7352
    7536
    7471
    7377
    7328
    7443
    7362
    7513
    7416
    7388
    7333
    7548
    7264
    7415
    7323
    7402
    7247
    7378
    7330
    7399
    7300
    7358
    7379
    7373
    7508
    7364
    7111
    7260
    7515
    7479
    7367
    7364
    7247
    7433
    7480
    7407
    7425
    7366
    7277
    7348
    7464
    7490
    7469
    7420
    7423
    7419
    7214
    7436
    7369
    7284
    7294
    7296
    7351
    7376
    7349
    7405
    7339
    7276
    7385
    7309
    7389
    7348
    7464
    7447
    7409
    7413
    7415
    7333
    7364
    7305
    7378
    7372
    7342
    7454
    7385
    7497
    7073
    7365
    7378
    7328
    7394
    7399
    7339
    7353
    7402
    7412
    7431
    7541
    7397
    7443
    7459
    7396
    7247
    7352
    7330
    7247
    7446
    7249
    7287
    7410
    7403
    7328
    7384
    7400
    7463
    7422
    7343
    7272
    7416
    7280
    7566
    7437
    7377
    7481
    7438
    7448
    7300
    7380
    7344
    7350
    7306
    7299
    7323
    7203
    7518
    7328
    7455
    7415
    7349
    7401
    7421
    7349
    7368
    7304
    7204
    7382
    7282
    7385
    7330
    7272
    7308
    7280
    7501
    7330
    7388
    7416
    7301
    7306
    7400
    7271
    7391
    7459
    7488
    7291
    7386
    7420
    7379
    7318
    7309
    7452
    7338
    7308
    7335
    7408
    7356
    7297
    7375
    7344
    7306
    7325
    7447
    7402
    7335
    7318
    7309
    7409
    7466
    7439
    7403
    7328
    7282
    7496
    7419
    7411
    7509
    7330
    7375
    7349
    7301
    7486
    7492
    7333
    7428
    7295
    7378
    7364
    7284
    7411
    7429
    7510
    7423
    7312
    7411
    7372
    7456
    7352
    7378
    7362
    7340
    7295
    7321
    7323
    7377
    7316
    7377
    7395
    7358
    7231
    7429
    7431
    7482
    7416
    7336
    7234
    7334
    7323
    7378
    7281
    7407
    7458
    7323
    7230
    7315
    7392
    7483
    7373
    7501
    7223
    7335
    7331
    7312
    7277
    7374
    7466
    7337
    7360
    7333
    7434
    7366
    7295
    7356
    7460
    7246
    7438
    7346
    7271
    7329
    7335
    7277
    7440
    7309
    7382
    7332
    7502
    7350
    7340
    7353
    7373
    7384
    7158
    7237
    7384
    7374
    7259
    7458
    7335
    7357
    7308
    7419
    7250
    7341
    7345
    7265
    7376
    7337
    7366
    7442
    7478
    7392
    7330
    7398
    7466
    7438
    7554
    7387
    7332
    7354
    7437
    7405
    7294
    7321
    7366
    7453
    7359
    7362
    7265
    7449
    7386
    7422
    7440
    7366
    7415
    7480
    7367
    7310
    7357
    7363
    7462
    7365
    7364
    7430
    7367
    7556
    7377
    7312
    7336
    7348
    7302
    7268
    7324
    7291
    7323
    7427
    7398
    7423
    7483
    7317
    7320
    7299
    7331
    7315
    7334
    7391
    7302
    7429
    7498
    7405
    7336
    7205
    7369
    7296
    7363
    7392
    7327
    7352
    7329
    7377
    7384
    7366
    7368
    7303
    7412
    7530
    7440
    7332
    7475
    7356
    7362
    7198
    7426
    7398
    7337
    7430
    7454
    7387
    7430
    7407
    7346
    7393
    7443
    7452
    7468
    7270
    7386
    7249
    7309
    7266
    7322
    7466
    7408
    7370
    7415
    7278
    7454
    7387
    7360
    7387
    7436
    7324
    7359
    7375
    7239
    7364
    7279
    7353
    7324
    7247
    7459
    7412
    7412
    7365
    7418
    7311
    7389
    7405
    7291
    7329
    7348
    7399
    7323
    7364
    7433
    7420
    7418
    7233
    7387
    7419
    7419
    7247
    7384
    7507
    7310
    7433
    7314
    7301
    7395
    7318
    7470
    7350
    7354
    7383
    7405
    7478
    7310
    7278
    7336
    7250
    7413
    7425
    7394
    7407
    7341
    7368
    7445
    7325
    7350
    7411
    7353
    7486
    7317
    7377
    7325
    7433
    7424
    7331
    7328
    7400
    7355
    7379
    7235
    7392
    7371
    7477
    7384
    7434
    7302
    7438
    7317
    7443
    7446
    7383
    7438
    7273
    7438
    7476
    7317
    7395
    7290
    7424
    7274
    7401
    7484
    7429
    7361
    7301
    7327
    7308
    7298
    7243
    7221
    7381
    7419
    7282
    7375
    7346
    7334
    7327
    7341
    7387
    7455
    7305
    7296
    7308
    7290
    7376
    7382
    7268
    7479
    7370
    7270
    7289
    7356
    7358
    7306
    7303
    7464
    7415
    7383
    7488
    7276
    7312
    7527
    7368
    7414
    7462
    7208
    7245
    7355
    7403
    7333
    7435
    7452
    7310
    7367
    7522
    7344
    7359
    7380
    7377
    7443
    7477
    7428
    7381
    7430
    7410
    7347
    7279
    7372
    7431
    7397
    7437
    7376
    7417
    7227
    7509
    7344
    7315
    7299
    7269
    7371
    7438
    7380
    7439
    7333
    7342
    7356
    7466
    7393
    7223
    7406
    7217
    7374
    7300
    7393
    7407
    7318
    7432
    7355
    7376
    7229
    7440
    7289
    7358
    7384
    7400
    7438
    7377
    7325
    7463
    7451
    7297
    7282
    7467
    7488
    7351
    7197
    7387
    7282
    7290
    7310
    7443
    7271
    7405
    7351
    7328
    7326
    7331
    7358
    7323
    7247
    7381
    7446
    7316
    7447
    7309
    7468
    7419
    7321
    7441
    7229
    7464
    7341
    7349
    7392
    7420
    7516
    7308
    7413
    7347
    7437
    7386
    7333
    7394
    7482
    7421
    7250
    7487
    7406
    7519
    7481
    7341
    7368
    7402
    7486
    7316
    7356
    7397
    7260
    7296
    7286
    7498
    7251
    7282
    7227
    7218
    7357
    7470
    7384
    7415
    7424
    7160
    7285
    7489
    7391
    7540
    7355
    7307
    7424
    7270
    7213
    7366
    7463
    7604
    7450
    7370
    7449
    7444
    7385
    7318
    7369
    7425
    7371
    7425
    7493
    7540
    7491
    7391
    7426
    7380
    7372
    7212
    7319
    7387
    7205
    7305
    7527
    7396
    7376
    7282
    7485
    7413
    7393
    7328
    7311
    7362
    7300
    7447
    7334
    7277
    7366
    7414
    7291
    7397
    7488
    7439
    7381
    7369
    7211
    7350
    7431
    7428
    7281
    7349
    7202
    7288
    7391
    7225
    7374
    7325
    7413
    7452
    7440
    7363
    7321
    7356
    7322
    7355
    7318
    7421
    7257
    7346
    7485
    7422
    7378
    7303
    7405
    7452
    7254
    7330
    7332
    7317
    7353
    7378
    7312
    7396
    7311
    7494
    7281
    7296
    7302
    7395
    7292
    7500
    7381
    7306
    7380
    7515
    7395
    7345
    7450
    7374
    7364
    7337
    7380
    7414
    7259
    7525
    7404
    7243
    7471
    7464
    7323
    7364
    7379
    7380
    7322
    7311
    7541
    7402
    7364
    7341
    7376
    7187
    7388
    7351
    7399
    7516
    7390
    7346
    7301
    7421
    7444
    7376
    7418
    7333
    7438
    7487
    7366
    7349
    7427
    7393
    7344
    7402
    7373
    7511
    7357
    7360
    7489
    7530
    7427
    7389
    7365
    7366
    7358
    7313
    7242
    7441
    7301
    7278
    7474
    7220
    7364
    7280
    7369
    7331
    7443
    7269
    7316
    7366
    7616
    7522
    7458
    7339
    7342
    7329
    7366
    7454
    7312
    7304
    7297
    7358
    7483
    7294
    7363
    7243
    7428
    7251
    7418
    7364
    7360
    7286
    7490
    7476
    7538
    7332
    7317
    7371
    7343
    7350
    7307
    7316
    7452
    7259
    7364
    7190
    7320
    7179
    7402
    7452
    7329
    7424
    7346
    7354
    7510
    7416
    7428
    7480
    7277
    7356
    7491
    7508
    7412
    7404
    7197
    7453
    7349
    7459
    7396
    7504
    7390
    7298
    7467
    7402
    7452
    7427
    7411
    7204
    7526
    7309
    7276
    7335
    7466
    7181
    7376
    7459
    7227
    7374
    7494
    7473
    7395
    7280
    7188
    7535
    7405
    7302
    7430
    7408
    7350
    7324
    7504
    7513
    7254
    7376
    7355
    7393
    7217
    7426
    7303
    7382
    7313
    7321
    7448
    7481
    7415
    7369
    7399
    7353
    7349
    7490
    7313
    7345
    7366
    7148
    7378
    7448
    7371
    7361
    7487
    7293
    7379
    7372
    7324
    7286
    7283
    7325
    7344
    7328
    7376
    7461
    7370
    7285
    7470
    7443
    7522
    7363
    7414
    7433
    7397
    7335
    7349
    7363
    7283
    7231
    7431
    7404
    7354
    7310
    7204
    7320
    7409
    7313
    7334
    7431
    7373
    7446
    7409
    7423
    7362
    7284
    7410
    7330
    7477
    7393
    7446
    7350
    7358
    7386
    7335
    7482
    7254
    7348
    7433
    7272
    7358
    7281
    7479
    7309
    7384
    7365
    7336
    7435
    7280
    7525
    7382
    7413
    7462
    7398
    7344
    7354
    7427
    7420
    7323
    7451
    7281
    7413
    7390
    7337
    7331
    7284
    7414
    7354
    7401
    7333
    7297
    7276
    7381
    7279
    7417
    7398
    7497
    7252
    7265
    7378
    7324
    7394
    7427
    7413
    7492
    7451
    7466
    7293
    7350
    7399
    7286
    7302
    7438
    7407
    7318
    7478
    7478
    7414
    7253
    7387
    7376
    7518
    7321
    7401
    7331
    7383
    7507
    7235
    7291
    7322
    7445
    7385
    7417
    7435
    7432
    7243
    7393
    7229
    7486
    7395
    7445
    7363
    7474
    7435
    7205
    7405
    7392
    7448
    7326
    7425
    7332
    7259
    7313
    7429
    7465
    7291
    7349
    7278
    7399
    7312
    7419
    7338
    7471
    7403
    7320
    7453
    7194
    7471
    7451
    7376
    7303
    7328
    7321
    7353
    7391
    7312
    7543
    7413
    7336
    7483
    7321
    7326
    7324
    7427
    7397
    7309
    7345
    7455
    7416
    7320
    7233
    7444
    7346
    7535
    7391
    7514
    7386
    7465
    7462
    7496
    7491
    7280
    7434
    7317
    7307
    7347
    7296
    7463
    7354
    7474
    7402
    7406
    7392
    7569
    7242
    7340
    7313
    7278
    7332
    7338
    7306
    7441
    7331
    7568
    7391
    7286
    7271
    7322
    7341
    7344
    7331
    7456
    7317
    7359
    7445
    7481
    7442
    7260
    7295
    7469
    7369
    7421
    7433
    7410
    7449
    7378
    7444
    7409
    7272
    7382
    7442
    7401
    7510
    7289
    7305
    7336
    7471
    7432
    7298
    7253
    7497
    7326
    7344
    7431
    7214
    7276
    7337
    7416
    7446
    7549
    7423
    7355
    7418
    7501
    7343
    7319
    7522
    7346
    7229
    7425
    7321
    7249
    7216
    7314
    7482
    7342
    7406
    7316
    7230
    7261
    7371
    7342
    7198
    7260
    7526
    7484
    7412
    7392
    7499
    7383
    7448
    7393
    7364
    7316
    7380
    7344
    7326
    7473
    7302
    7293
    7258
    7402
    7484
    7301
    7314
    7370
    7358
    7382
    7365
    7411
    7382
    7225
    7514
    7251
    7435
    7423
    7301
    7393
    7433
    7393
    7307
    7355
    7460
    7202
    7337
    7210
    7457
    7376
    7361
    7277
    7369
    7505
    7300
    7470
    7495
    7306
    7286
    7348
    7241
    7455
    7514
    7288
    7520
    7437
    7385
    7466
    7443
    7419
    7334
    7321
    7421
    7383
    7404
    7399
    7393
    7339
    7349
    7238
    7324
    7384
    7397
    7243
    7353
    7419
    7450
    7377
    7308
    7309
    7299
    7361
    7416
    7452
    7516
    7331
    7433
    7261
    7337
    7302
    7370
    7483
    7326
    7372
    7421
    7423
    7346
    7337
    7341
    7311
    7407
    7338
    7357
    7315
    7410
    7321
    7307
    7366
    7363
    7239
    7310
    7293
    7442
    7291
    7435
    7369
    7347
    7306
    7547
    7389
    7345
    7370
    7293
    7174
    7421
    7407
    7409
    7446
    7350
    7287
    7359
    7323
    7388
    7351
    7273
    7532
    7296
    7423
    7395
    7372
    7351
    7403
    7435
    7457
    7429
    7350
    7343
    7412
    7378
    7295
    7513
    7335
    7442
    7432
    7272
    7332
    7571
    7296
    7307
    7274
    7442
    7355
    7255
    7242
    7253
    7422
    7353
    7280
    7380
    7427
    7373
    7360
    7275
    7359
    7309
    7404
    7355
    7479
    7473
    7302
    7368
    7303
    7251
    7521
    7389
    7408
    7301
    7328
    7397
    7292
    7299
    7430
    7439
    7380
    7338
    7271
    7487
    7270
    7338
    7312
    7324
    7333
    7260
    7440
    7423
    7450
    7402
    7415
    7288
    7519
    7398
    7352
    7435
    7495
    7336
    7402
    7288
    7272
    7357
    7334
    7367
    7178
    7362
    7402
    7439
    7390
    7440
    7520
    7364
    7420
    7540
    7441
    7335
    7214
    7475
    7348
    7262
    7355
    7452
    7367
    7342
    7316
    7337
    7319
    7240
    7336
    7345
    7378
    7373
    7428
    7403
    7381
    7280
    7438
    7434
    7269
    7347
    7340
    7279
    7297
    7356
    7423
    7330
    7438
    7356
    7387
    7364
    7351
    7456
    7394
    7275
    7407
    7505
    7359
    7386
    7377
    7297
    7270
    7560
    7368
    7238
    7419
    7315
    7440
    7311
    7380
    7370
    7392
    7422
    7466
    7448
    7358
    7448
    7286
    7525
    7381
    7500
    7313
    7325
    7302
    7342
    7397
    7418
    7400
    7461
    7384
    7553
    7418
    7216
    7356
    7419
    7367
    7362
    7274
    7382
    7344
    7460
    7236
    7387
    7308
    7223
    7388
    7336
    7281
    7387
    7323
    7377
    7417
    7395
    7355
    7416
    7334
    7392
    7348
    7344
    7299
    7529
    7369
    7406
    7398
    7336
    7374
    7255
    7308
    7306
    7419
    7352
    7495
    7576
    7453
    7326
    7310
    7378
    7309
    7334
    7351
    7174
    7351
    7409
    7408
    7312
    7459
    7524
    7393
    7384
    7318
    7408
    7502
    7332
    7356
    7372
    7333
    7410
    7466
    7309
    7284
    7368
    7326
    7343
    7411
    7420
    7449
    7490
    7395
    7347
    7396
    7331
    7485
    7417
    7331
    7390
    7356
    7514
    7237
    7395
    7336
    7340
    7401
    7281
    7414
    7264
    7365
    7410
    7433
    7449
    7368
    7324
    7307
    7471
    7295
    7200
    7431
    7389
    7299
    7466
    7523
    7288
    7430
    7410
    7401
    7328
    7274
    7435
    7334
    7359
    7504
    7289
    7435
    7362
    7410
    7316
    7316
    7442
    7285
    7347
    7306
    7401
    7326
    7406
    7385
    7336
    7374
    7444
    7336
    7276
    7422
    7377
    7267
    7370
    7406
    7339
    7375
    7249
    7364
    7377
    7267
    7384
    7493
    7345
    7447
    7346
    7409
    7206
    7452
    7318
    7427
    7467
    7365
    7382
    7353
    7399
    7495
    7408
    7351
    7325
    7427
    7291
    7379
    7406
    7414
    7343
    7313
    7550
    7380
    7415
    7386
    7320
    7382
    7286
    7397
    7292
    7233
    7418
    7306
    7408
    7459
    7304
    7485
    7551
    7286
    7253
    7371
    7158
    7351
    7330
    7399
    7478
    7385
    7365
    7309
    7316
    7396
    7438
    7464
    7417
    7319
    7644
    7352
    7578
    7275
    7266
    7297
    7396
    7466
    7371
    7435
    7352
    7320
    7368
    7236
    7498
    7303
    7345
    7515
    7492
    7503
    7421
    7603
    7285
    7240
    7306
    7339
    7356
    7326
    7317
    7383
    7434
    7497
    7383
    7385
    7446
    7346
    7309
    7327
    7432
    7337
    7445
    7360
    7423
    7334
    7374
    7309
    7411
    7421
    7440
    7431
    7279
    7387
    7392
    7402
    7360
    7333
    7223
    7388
    7377
    7440
    7407
    7340
    7349
    7308
    7389
    7362
    7240
    7430
    7527
    7286
    7235
    7292
    7284
    7456
    7231
    7393
    7215
    7352
    7339
    7289
    7478
    7358
    7325
    7181
    7205
    7483
    7405
    7342
    7269
    7366
    7371
    7305
    7447
    7400
    7380
    7329
    7441
    7441
    7421
    7441
    7347
    7209
    7302
    7307
    7291
    7488
    7227
    7231
    7278
    7367
    7345
    7330
    7448
    7441
    7254
    7342
    7343
    7381
    7309
    7423
    7312
    7404
    7295
    7328
    7359
    7402
    7301
    7349
    7389
    7399
    7342
    7344
    7374
    7357
    7481
    7348
    7336
    7284
    7366
    7305
    7377
    7440
    7438
    7426
    7418
    7379
    7382
    7370
    7395
    7309
    7368
    7299
    7481
    7434
    7331
    7464
    7471
    7490
    7379
    7287
    7462
    7463
    7408
    7431
    7182
    7331
    7321
    7423
    7448
    7180
    7390
    7303
    7359
    7402
    7349
    7276
    7402
    7325
    7327
    7480
    7374
    7385
    7449
    7441
    7343
    7272
    7285
    7367
    7467
    7280
    7393
    7373
    7154
    7296
    7433
    7314
    7268
    7379
    7394
    7223
    7399
    7313
    7385
    7326
    7284
    7384
    7363
    7362
    7500
    7252
    7423
    7399
    7363
    7415
    7267
    7284
    7417
    7306
    7251
    7505
    7402
    7307
    7571
    7363
    7433
    7311
    7401
    7348
    7368
    7460
    7582
    7287
    7390
    7313
    7412
    7277
    7449
    7335
    7308
    7323
    7440
    7347
    7354
    7514
    7329
    7324
    7252
    7391
    7346
    7352
    7367
    7461
    7381
    7452
    7323
    7297
    7327
    7316
    7517
    7415
    7391
    7280
    7311
    7273
    7249
    7475
    7330
    7487
    7409
    7299
    7467
    7541
    7276
    7313
    7383
    7254
    7272
    7433
    7300
    7439
    7439
    7358
    7348
    7436
    7363
    7334
    7318
    7431
    7238
    7501
    7453
    7270
    7360
    7476
    7420
    7440
    7439
    7434
    7225
    7377
    7453
    7486
    7467
    7236
    7367
    7414
    7274
    7349
    7505
    7309
    7460
    7402
    7277
    7437
    7352
    7390
    7382
    7365
    7489
    7475
    7348
    7334
    7398
    7373
    7221
    7415
    7407
    7405
    7395
    7296
    7445
    7479
    7300
    7348
    7250
    7510
    7324
    7252
    7347
    7258
    7558
    7387
    7450
    7366
    7372
    7455
    7349
    7525
    7353
    7356
    7500
    7434
    7410
    7413
    7320
    7331
    7433
    7413
    7335
    7252
    7459
    7504
    7414
    7336
    7388
    7442
    7366
    7432
    7253
    7409
    7426
    7380
    7474
    7249
    7338
    7330
    7472
    7315
    7449
    7348
    7343
    7344
    7302
    7390
    7332
    7378
    7245
    7361
    7392
    7263
    7439
    7283
    7272
    7341
    7502
    7408
    7428
    7452
    7410
    7416
    7526
    7503
    7355
    7415
    7421
    7466
    7409
    7284
    7487
    7398
    7346
    7271
    7380
    7367
    7519
    7334
    7450
    7347
    7408
    7367
    7358
    7352
    7406
    7231
    7251
    7407
    7436
    7474
    7423
    7448
    7468
    7402
    7388
    7306
    7445
    7358
    7401
    7318
    7344
    7238
    7344
    7261
    7488
    7455
    7454
    7421
    7373
    7328
    7483
    7426
    7438
    7301
    7398
    7526
    7409
    7379
    7352
    7462
    7475
    7409
    7487
    7441
    7415
    7396
    7452
    7440
    7254
    7377
    7224
    7318
    7411
    7212
    7435
    7256
    7296
    7475
    7376
    7374
    7334
    7453
    7335
    7248
    7274
    7314
    7410
    7306
    7360
    7459
    7508
    7319
    7376
    7262
    7420
    7412
    7378
    7589
    7510
    7232
    7342
    7385
    7529
    7382
    7252
    7434
    7509
    7436
    7327
    7419
    7457
    7363
    7345
    7402
    7457
    7315
    7292
    7211
    7421
    7425
    7242
    7400
    7388
    7407
    7406
    7290
    7446
    7449
    7336
    7324
    7378
    7343
    7375
    7346
    7375
    7412
    7333
    7428
    7415
    7465
    7224
    7420
    7339
    7290
    7452
    7420
    7370
    7466
    7308
    7329
    7470
    7399
    7392
    7268
    7271
    7468
    7336
    7226
    7290
    7453
    7409
    7401
    7469
    7288
    7374
    7491
    7375
    7408
    7455
    7417
    7238
    7394
    7290
    7384
    7323
    7392
    7336
    7402
    7158
    7370
    7408
    7373
    7331
    7476
    7358
    7371
    7222
    7455
    7434
    7313
    7198
    7388
    7287
    7325
    7304
    7318
    7313
    7436
    7329
    7438
    7483
    7225
    7384
    7351
    7302
    7344
    7449
    7334
    7403
    7377
    7297
    7386
    7378
    7276
    7221
    7379
    7351
    7363
    7370
    7431
    7340
    7351
    7491
    7379
    7175
    7341
    7346
    7477
    7306
    7336
    7436
    7211
    7326
    7346
    7425
    7399
    7342
    7372
    7358
    7326
    7297
    7288
    7382
    7427
    7330
    7549
    7423
    7379
    7385
    7276
    7412
    7294
    7238
    7346
    7184
    7402
    7407
    7240
    7436
    7403
    7322
    7328
    7251
    7254
    7265
    7435
    7295
    7409
    7399
    7393
    7438
    7287
    7331
    7219
    7287
    7310
    7325
    7391
    7414
    7435
    7390
    7387
    7452
    7335
    7487
    7307
    7338
    7473
    7321
    7487
    7301
    7283
    7411
    7471
    7376
    7358
    7222
    7321
    7363
    7520
    7270
    7365
    7300
    7341
    7562
    7292
    7383
    7324
    7290
    7300
    7345
    7455
    7495
    7317
    7370
    7342
    7377
    7354
    7295
    7260
    7386
    7408
    7347
    7475
    7274
    7471
    7534
    7201
    7448
    7400
    7346
    7223
    7470
    7488
    7353
    7380
    7359
    7422
    7357
    7334
    7331
    7391
    7247
    7396
    7273
    7385
    7397
    7315
    7375
    7383
    7336
    7362
    7354
    7331
    7419
    7327
    7478
    7325
    7334
    7282
    7234
    7347
    7294
    7345
    7398
    7359
    7287
    7515
    7316
    7299
    7344
    7456
    7275
    7329
    7417
    7550
    7257
    7381
    7380
    7306
    7493
    7460
    7382
    7321
    7313
    7343
    7360
    7579
    7349
    7450
    7353
    7265
    7322
    7273
    7287
    7444
    7464
    7290
    7343
    7514
    7493
    7317
    7385
    7476
    7387
    7352
    7228
    7452
    7248
    7369
    7449
    7378
    7424
    7452
    7379
    7488
    7458
    7388
    7413
    7388
    7223
    7271
    7324
    7434
    7342
    7418
    7441
    7332
    7460
    7349
    7362
    7206
    7471
    7349
    7402
    7489
    7356
    7337
    7332
    7383
    7425
    7367
    7465
    7264
    7412
    7444
    7371
    7393
    7447
    7316
    7435
    7330
    7485
    7493
    7488
    7465
    7341
    7347
    7257
    7433
    7363
    7335
    7395
    7444
    7318
    7355
    7390
    7364
    7523
    7471
    7416
    7297
    7389
    7461
    7438
    7347
    7432
    7393
    7458
    7451
    7449
    7408
    7443
    7468
    7340
    7381
    7439
    7452
    7419
    7352
    7406
    7465
    7525
    7423
    7312
    7340
    7390
    7270
    7406
    7415
    7411
    7340
    7474
    7312
    7376
    7296
    7273
    7319
    7239
    7292
    7338
    7376
    7383
    7432
    7379
    7416
    7300
    7267
    7436
    7241
    7368
    7381
    7305
    7362
    7308
    7403
    7414
    7365
    7362
    7266
    7258
    7300
    7273
    7387
    7223
    7442
    7395
    7289
    7378
    7365
    7426
    7225
    7392
    7316
    7281
    7261
    7342
    7402
    7568
    7354
    7366
    7364
    7382
    7332
    7402
    7337
    7269
    7346
    7275
    7237
    7451
    7390
    7408
    7362
    7397
    7363
    7430
    7337
    7326
    7337
    7354
    7324
    7532
    7304
    7249
    7433
    7369
    7349
    7435
    7314
    7545
    7335
    7408
    7486
    7290
    7369
    7394
    7378
    7267
    7339
    7247
    7275
    7473
    7340
    7569
    7272
    7209
    7306
    7358
    7483
    7283
    7415
    7193
    7271
    7328
    7411
    7422
    7353
    7334
    7252
    7473
    7431
    7465
    7345
    7381
    7313
    7325
    7395
    7295
    7339
    7334
    7292
    7414
    7407
    7420
    7322
    7268
    7485
    7376
    7456
    7354
    7410
    7424
    7219
    7361
    7410
    7328
    7331
    7322
    7519
    7385
    7229
    7493
    7339
    7434
    7382
    7372
    7277
    7269
    7360
    7424
    7345
    7417
    7325
    7316
    7433
    7450
    7407
    7241
    7325
    7312
    7386
    7448
    7418
    7261
    7381
    7258
    7366
    7449
    7282
    7458
    7383
    7308
    7445
    7285
    7324
    7277
    7337
    7377
    7476
    7445
    7331
    7429
    7477
    7285
    7431
    7337
    7419
    7319
    7495
    7288
    7421
    7371
    7339
    7390
    7442
    7558
    7562
    7287
    7391
    7358
    7400
    7266
    7263
    7314
    7458
    7392
    7311
    7347
    7408
    7311
    7366
    7284
    7308
    7333
    7380
    7522
    7520
    7367
    7448
    7406
    7371
    7465
    7477
    7265
    7227
    7226
    7511
    7239
    7440
    7323
    7384
    7177
    7420
    7326
    7298
    7398
    7273
    7364
    7357
    7450
    7376
    7270
    7360
    7337
    7368
    7443
    7274
    7391
    7248
    7358
    7475
    7338
    7402
    7398
    7486
    7564
    7385
    7186
    7435
    7464
    7243
    7472
    7360
    7405
    7423
    7348
    7317
    7385
    7335
    7366
    7400
    7452
    7559
    7344
    7433
    7323
    7422
    7384
    7399
    7236
    7488
    7282
    7364
    7334
    7254
    7418
    7347
    7480
    7415
    7329
    7328
    7529
    7408
    7405
    7407
    7453
    7435
    7201
    7370
    7343
    7391
    7500
    7395
    7432
    7413
    7368
    7392
    7460
    7349
    7341
    7389
    7349
    7453
    7420
    7295
    7381
    7500
    7310
    7324
    7521
    7391
    7465
    7443
    7362
    7399
    7318
    7417
    7416
    7307
    7361
    7368
    7373
    7273
    7381
    7402
    7273
    7431
    7277
    7352
    7329
    7245
    7281
    7322
    7357
    7322
    7335
    7409
    7237
    7464
    7330
    7471
    7401
    7477
    7462
    7452
    7470
    7408
    7441
    7351
    7446
    7402
    7435
    7363
    7381
    7291
    7363
    7351
    7539
    7243
    7258
    7234
    7347
    7323
    7308
    7273
    7280
    7404
    7334
    7336
    7474
    7453
    7429
    7283
    7396
    7402
    7181
    7422
    7342
    7406
    7466
    7425
    7336
    7366
    7275
    7295
    7316
    7380
    7295
    7251
    7390
    7396
    7376
    7293
    7403
    7268
    7457
    7279
    7312
    7334
    7351
    7288
    7349
    7394
    7419
    7428
    7263
    7384
    7319
    7371
    7412
    7315
    7325
    7413
    7281
    7414
    7352
    7322
    7507
    7428
    7496
    7419
    7367
    7468
    7456
    7470
    7439
    7371
    7361
    7459
    7425
    7341
    7402
    7327
    7350
    7193
    7370
    7417
    7359
    7358
    7247
    7130
    7478
    7475
    7491
    7483
    7335
    7331
    7267
    7460
    7260
    7293
    7377
    7419
    7390
    7326
    7534
    7376
    7176
    7468
    7271
    7508
    7287
    7282
    7339
    7369
    7416
    7213
    7612
    7428
    7472
    7501
    7546
    7327
    7368
    7408
    7352
    7371
    7343
    7408
    7370
    7380
    7439
    7364
    7398
    7265
    7374
    7414
    7324
    7376
    7344
    7439
    7398
    7492
    7391
    7317
    7290
    7336
    7248
    7388
    7307
    7473
    7212
    7374
    7529
    7321
    7402
    7410
    7272
    7238
    7533
    7348
    7515
    7454
    7293
    7434
    7375
    7413
    7431
    7381
    7353
    7239
    7325
    7309
    7368
    7442
    7223
    7460
    7465
    7309
    7310
    7357
    7293
    7296
    7324
    7490
    7333
    7455
    7355
    7494
    7437
    7350
    7369
    7435
    7365
    7247
    7447
    7401
    7393
    7385
    7310
    7291
    7297
    7448
    7411
    7547
    7354
    7408
    7480
    7411
    7441
    7402
    7407
    7197
    7285
    7301
    7340
    7402
    7240
    7481
    7347
    7385
    7417
    7485
    7318
    7236
    7458
    7468
    7200
    7313
    7374
    7442
    7393
    7436
    7366
    7410
    7412
    7339
    7372
    7313
    7344
    7123
    7457
    7381
    7452
    7470
    7343
    7439
    7401
    7315
    7406
    7441
    7316
    7428
    7271
    7421
    7428
    7410
    7310
    7291
    7369
    7394
    7408
    7283
    7464
    7333
    7468
    7423
    7230
    7397
    7432
    7413
    7528
    7370
    7391
    7363
    7527
    7367
    7345
    7325
    7376
    7319
    7375
    7446
    7350
    7284
    7213
    7350
    7274
    7374
    7399
    7449
    7253
    7331
    7455
    7330
    7450
    7340
    7398
    7379
    7432
    7332
    7377
    7473
    7376
    7398
    7369
    7372
    7356
    7506
    7342
    7369
    7363
    7420
    7402
    7449
    7433
    7302
    7295
    7323
    7365
    7506
    7407
    7325
    7551
    7308
    7491
    7263
    7412
    7429
    7416
    7171
    7438
    7292
    7450
    7325
    7364
    7355
    7385
    7362
    7377
    7450
    7523
    7280
    7459
    7395
    7367
    7325
    7299
    7433
    7433
    7421
    7418
    7240
    7451
    7262
    7361
    7440
    7506
    7293
    7267
    7389
    7382
    7418
    7522
    7311
    7364
    7381
    7392
    7437
    7426
    7366
    7448
    7392
    7420
    7276
    7315
    7412
    7384
    7356
    7428
    7294
    7325
    7301
    7373
    7287
    7328
    7311
    7206
    7245
    7364
    7391
    7399
    7373
    7482
    7466
    7403
    7365
    7429
    7390
    7341
    7339
    7330
    7370
    7355
    7425
    7367
    7337
    7284
    7400
    7453
    7461
    7433
    7377
    7429
    7517
    7424
    7452
    7465
    7277
    7454
    7327
    7299
    7349
    7257
    7356
    7395
    7614
    7310
    7286
    7312
    7317
    7287
    7347
    7422
    7466
    7462
    7451
    7362
    7286
    7398
    7344
    7315
    7399
    7477
    7257
    7318
    7264
    7241
    7434
    7395
    7329
    7411
    7315
    7338
    7375
    7407
    7310
    7365
    7359
    7292
    7348
    7442
    7363
    7348
    7439
    7395
    7371
    7292
    7473
    7416
    7250
    7383
    7428
    7317
    7443
    7374
    7444
    7445
    7448
    7429
    7371
    7334
    7291
    7522
    7289
    7396
    7488
    7346
    7315
    7258
    7348
    7399
    7313
    7389
    7370
    7323
    7276
    7518
