    7833
    7964
    7875
    7828
    7866
    7833
    7887
    7768
    7877
    7808
    7742
    7900
    7843
    7843
    7822
    7914
    7885
    7784
    7785
    7868
    7826
    7794
    7949
    7991
    7893
    7853
    7932
    7921
    7823
    7879
    7847
    7840
    7900
    7788
    7802
    7835
    7847
    7912
    7904
    7906
    7908
    7835
    7869
    7822
    7841
    7848
    7879
    7804
    7891
    7954
    7751
    7859
    7885
    7920
    7837
    7895
    7963
    7796
    7862
    7796
    7895
    7869
    7731
    7881
    7862
    7723
    7863
    7856
    7859
    7902
    7871
    7822
    7929
    7975
    7931
    7982
    7858
    7850
    7919
    7758
    7948
    7867
    7852
    7876
    7882
    7838
    7905
    7815
    7726
    7866
    7818
    7915
    7868
    7917
    7933
    7847
    7900
    7714
    7902
    7840
    7844
    7914
    7895
    7873
    7870
    7833
    7812
    7890
    7952
    7896
    7845
    7849
    7843
    7781
    7808
    7836
    7933
    7851
    7863
    7888
    7840
    7826
    7865
    7822
    7829
    7841
    8051
    7937
    7909
    7889
    7858
    7880
    7973
    7784
    7837
    7880
    7869
    7899
    7854
    7886
    7875
    7874
    7711
    7885
    7873
    8020
    7866
    7865
    7770
    8030
    7884
    7877
    7903
    7944
    7913
    7838
    7894
    7968
    7832
    7857
    7838
    7789
    7895
    7849
    7908
    7846
    7860
    7845
    7719
    7940
    7960
    7958
    7921
    7738
    7906
    7920
    7903
    7819
    7875
    7727
    7709
    8029
    7854
    7932
    7865
    7862
    7851
    7827
    7881
    7920
    7885
    7842
    7955
    7823
    7882
    7715
    7739
    7881
    7880
    7795
    7910
    7805
    7895
    7777
    7966
    7802
    7748
    7876
    7863
    7858
    7756
    7833
    7823
    7836
    7812
    7999
    7940
    7857
    7949
    7829
    7835
    7907
    7845
    7821
    7807
    7882
    7845
    7875
    7832
    7763
    7870
    7876
    7917
    7899
    7776
    7857
    7828
    7822
    7728
    7898
    7944
    7797
    7885
    7902
    7749
    7946
    7812
    7858
    7922
    7889
    7832
    7825
    7949
    7863
    7819
    7929
    7797
    7910
    7835
    7857
    7821
    7859
    7894
    7932
    7880
    7899
    7839
    7903
    7902
    7853
    7817
    7917
    7835
    7788
    7893
    7800
    7832
    7880
    7888
    7919
    7896
    7963
    7864
    7883
    7826
    7898
    7752
    7896
    7780
    7851
    7807
    7863
    7938
    7868
    7848
    7741
    7924
    7802
    7834
    7857
    7883
    7869
    7849
    7822
    7744
    7871
    7844
    7868
    7844
    7979
    7839
    7810
    7879
    7874
    7971
    7792
    7758
    8013
    7789
    7888
    7833
    7913
    7975
    7865
    7747
    7888
    7912
    7868
    7894
    7862
    7875
    7871
    7782
    7898
    7825
    7921
    7880
    7867
    7860
    7867
    7890
    7936
    7765
    7837
    7845
    7856
    7944
    7903
    7895
    7815
    7929
    7937
    7973
    7978
    7851
    7942
    7863
    7904
    7924
    7886
    7906
    7912
    7834
    7852
    7933
    7903
    7951
    7790
    7861
    7905
    7849
    7883
    7810
    7801
    7890
    7951
    7905
    7883
    7854
    7758
    7895
    7840
    7741
    7945
    7757
    7989
    7933
    7829
    7963
    7838
    7890
    7842
    7944
    7840
    7801
    7876
    7879
    7945
    7857
    7915
    7784
    7813
    7796
    7785
    7944
    7839
    7832
    7842
    7867
    7789
    7944
    7880
    7892
    7855
    7879
    7869
    8006
    7898
    7731
    7883
    7994
    7817
    7876
    7920
    7778
    7946
    7889
    7898
    7847
    7752
    7857
    7778
    7900
    7915
    7883
    7790
    7935
    7889
    7906
    7849
    7986
    7731
    8015
    7911
    7935
    7876
    7913
    7830
    7878
    7874
    7852
    7875
    7869
    7943
    7926
    7872
    7809
    7827
    7814
    7986
    7851
    7852
    7818
    7894
    7748
    7790
    7821
    7856
    7807
    7945
    7839
    7864
    7875
    7888
    7891
    7897
    7807
    7825
    7807
    7804
    7817
    7960
    7816
    7846
    7864
    7902
    7844
    7777
    7794
    7850
    7850
    7969
    7921
    7889
    7941
    7870
    7914
    7952
    7841
    7930
    7839
    7873
    7879
    7907
    7888
    7876
    7903
    7728
    7770
    7840
    7821
    7807
    7850
    7793
    7876
    7784
    7869
    7859
    7842
    7778
    7921
    7834
    7955
    7823
    7885
    7837
    7882
    7869
    7929
    7820
    7855
    7906
    7839
    7924
    7829
    7894
    8006
    7817
    7809
    7816
    7855
    7856
    7759
    7884
    7934
    7832
    7904
    7819
    7828
    7867
    7874
    8002
    7824
    7857
    7932
    7827
    7841
    7959
    7842
    7904
    7902
    7913
    7822
    7879
    7912
    7832
    7852
    7817
    7883
    7762
    7894
    7878
    7848
    8008
    7914
    7838
    7849
    7804
    7864
    7970
    7788
    7808
    7760
    7753
    7864
    7885
    7834
    7849
    7986
    7848
    7792
    7935
    7857
    7838
    7861
    7839
    7902
    7775
    7852
    7836
    7896
    7798
    7760
    7804
    7807
    7836
    7887
    7767
    7881
    7907
    7815
    7832
    7848
    7885
    7839
    7829
    7802
    7989
    7844
    7827
    7882
    7743
    7783
    7853
    7859
    7936
    7976
    7867
    7852
    7773
    7943
    7921
    7935
    7951
    7923
    7815
    7889
    7787
    7739
    7856
    7964
    7855
    7928
    7963
    7900
    7998
    7883
    7778
    8001
    7803
    7883
    7896
    7805
    7872
    7909
    7892
    7928
    7900
    7843
    7906
    7789
    7744
    7925
    7884
    7897
    7860
    7872
    7778
    7871
    7801
    7906
    7890
    7866
    7819
    7944
    7898
    7803
    7865
    7768
    7943
    7759
    7776
    7826
    7876
    7847
    7926
    7930
    7823
    7908
    7900
    7818
    7863
    7883
    7948
    7862
    7804
    7831
    7849
    7842
    7976
    7796
    7844
    7801
    7803
    7952
    7773
    7870
    7812
    7862
    7804
    7779
    7822
    7809
    7845
    7763
    7879
    7840
    7809
    7889
    7890
    7758
    7869
    7820
    7909
    7834
    7848
    7750
    7890
    7991
    7889
    7864
    7822
    7850
    7912
    7907
    7777
    7834
    7895
    7876
    7870
    7761
    7806
    7902
    7931
    7854
    7910
    7859
    7903
    7901
    7921
    7909
    7810
    7833
    7849
    7796
    7810
    7874
    7750
    7876
    7921
    7890
    7791
    7865
    7805
    7805
    7881
    7955
    7839
    7759
    7845
    7798
    7831
    7831
    7836
    7902
    7837
    7788
    7975
    7818
    7910
    7925
    7798
    7776
    7819
    7780
    7954
    7817
    7966
    7811
    7812
    7881
    7887
    7863
    7878
    7905
    7883
    7906
    7882
    7837
    7765
    7927
    7789
    7895
    7856
    7880
    7855
    7892
    7867
    7932
    7866
    7880
    7865
    7869
    7925
    8003
    7884
    7957
    7848
    7915
    7891
    7842
    7940
    7915
    7786
    7842
    7699
    7987
    7848
    7863
    7946
    7940
    7927
    7905
    7830
    7913
    7783
    7887
    7654
    7783
    7905
    7726
    7903
    7736
    7809
    7872
    7868
    7765
    7762
    7679
    7798
    7900
    7912
    7839
    7833
    7912
    7813
    7940
    7933
    7919
    7976
    7830
    7846
    7730
    7886
    7854
    7823
    7980
    7929
    7722
    8016
    7860
    7861
    7913
    7868
    7861
    7839
    7853
    7849
    7814
    7914
    7893
    7852
    7883
    7860
    7791
    7875
    7835
    7842
    7989
    7792
    7844
    7796
    7856
    7904
    7911
    7718
    7889
    7873
    7817
    7883
    7711
    7845
    7874
    7873
    7863
    7740
    7871
    7817
    7826
    7717
    7785
    7777
    7909
    7874
    7655
    7907
    7828
    7918
    7881
    7799
    7793
    7926
    7820
    7800
    7857
    7881
    7819
    7861
    7875
    7871
    7900
    7908
    7946
    7782
    7846
    7845
    7881
    7884
    7861
    7828
    7880
    7999
    7829
    7829
    7925
    7846
    7855
    7847
    7825
    7766
    7947
    7934
    7797
    7836
    7842
    7837
    7786
    7797
    7716
    7892
    7809
    7830
    7948
    7852
    7912
    7837
    7921
    7909
    7828
    7891
    7903
    7854
    7840
    8010
    7827
    7902
    7864
    7851
    8011
    7765
    7825
    7930
    7835
    7776
    7928
    7821
    7875
    7873
    7969
    7828
    7981
    7866
    7894
    7839
    7906
    7905
    7828
    7793
    7875
    7922
    7813
    7836
    7870
    7839
    7935
    7934
    7908
    7962
    7845
    7836
    7852
    7849
    7942
    7913
    7820
    7851
    7837
    7962
    7917
    7887
    7865
    7948
    7862
    7977
    7963
    7915
    7938
    7864
    7940
    7913
    7860
    7956
    7897
    7883
    7888
    7932
    7900
    7774
    7925
    7935
    7805
    7903
    7741
    7931
    7928
    7906
    7905
    7937
    7942
    7762
    7786
    7884
    7837
    7767
    7782
    7805
    7852
    7928
    7876
    7852
    7859
    7819
    7816
    7781
    7847
    7812
    7983
    7868
    7795
    7916
    7953
    7838
    7868
    7793
    7784
    7874
    7857
    7922
    7873
    7857
    7763
    7650
    7833
    8039
    7851
    7921
    7893
    7864
    7893
    7869
    7837
    7824
    7816
    7842
    7907
    7837
    7842
    7923
    7841
    7908
    7894
    7759
    7962
    7894
    7845
    7821
    7804
    7753
    7810
    7887
    7969
    7852
    7795
    7877
    7927
    7900
    7947
    7786
    7885
    7855
    7841
    7881
    7874
    7852
    7884
    7796
    7875
    7936
    7831
    7818
    7883
    7853
    7837
    7921
    7806
    7823
    7791
    7925
    7860
    7916
    7972
    7839
    7826
    7964
    7875
    7829
    7810
    7845
    7863
    7794
    7787
    7912
    7803
    7858
    7923
    7878
    7854
    7920
    7984
    7873
    7815
    7933
    7797
    7868
    7790
    7849
    7979
    7951
    7793
    7851
    7854
    7908
    7821
    7825
    7957
    7920
    7772
    7922
    7849
    7841
    7781
    8003
    7776
    7887
    7891
    7788
    7771
    7921
    7698
    7954
    7892
    7867
    7828
    7863
    7899
    7792
    7775
    7928
    7918
    7861
    7864
    7835
    7795
    7926
    7843
    7856
    7841
    7864
    7900
    7915
    7829
    7891
    7837
    7865
    7866
    8005
    8021
    7983
    7873
    7871
    7908
    7766
    7819
    7930
    7861
    7889
    7893
    7825
    7906
    7907
    7798
    7930
    7843
    7866
    7872
    7792
    7899
    7954
    7843
    7997
    7833
    7881
    7762
    7834
    7963
    7890
    7795
    7797
    7770
    8077
    7937
    7784
    7802
    8021
    8017
    7859
    7825
    7887
    7902
    7887
    7862
    7965
    7777
    7761
    7864
    7851
    7970
    7912
    7774
    7871
    7921
    7884
    7814
    7824
    7870
    7824
    7764
    7930
    7809
    7885
    7853
    7866
    7882
    8025
    8004
    7930
    7735
    7846
    7892
    7804
    7826
    7900
    7978
    7930
    7815
    7937
    7902
    7890
    7859
    7782
    7842
    7796
    7889
    7943
    7932
    7881
    7840
    7795
    7943
    7867
    7866
    7893
    7937
    7937
    7838
    7879
    7827
    7817
    7917
    7813
    7767
    7796
    7831
    7937
    7909
    7845
    7912
    7896
    7846
    7947
    7933
    7775
    7890
    8097
    7678
    7755
    7863
    7966
    7808
    7779
    7935
    7829
    7811
    7811
    8024
    7840
    7891
    7922
    7855
    7743
    7970
    7843
    7912
    7867
    7818
    7801
    7882
    7834
    7801
    7816
    7711
    7875
    7898
    7917
    7784
    7919
    7880
    7923
    7849
    7814
    7916
    7851
    7974
    7821
    7932
    7868
    7853
    7822
    7803
    7938
    7892
    7903
    7919
    7830
    7806
    7839
    7868
    7845
    7805
    7880
    7894
    7902
    7856
    7864
    7840
    7750
    7819
    7819
    7920
    7787
    7791
    7977
    7891
    7860
    7765
    7879
    7811
    7927
    7745
    7840
    7928
    7852
    7863
    7861
    7879
    7760
    7870
    7928
    7810
    7914
    7996
    7852
    7771
    7916
    7899
    7963
    7865
    7791
    7863
    7852
    7902
    7838
    7834
    7980
    7897
    7882
    7764
    7883
    7822
    7812
    7969
    7813
    7827
    7990
    7952
    7934
    7901
    7842
    7854
    7844
    7849
    7708
    7907
    7848
    7959
    7835
    7955
    7832
    7940
    7794
    7783
    7819
    7807
    7845
    8006
    7776
    7880
    7927
    7804
    7769
    7822
    8005
    7838
    7875
    7941
    7740
    7768
    7744
    7860
    7823
    7877
    7829
    7979
    7964
    7855
    7791
    7901
    7770
    7786
    7978
    7920
    7887
    7839
    7851
    7848
    7873
    7805
    7872
    7892
    7840
    7761
    7879
    7882
    7881
    7832
    7766
    7845
    7836
    7861
    7805
    7885
    7897
    7761
    7880
    7814
    7896
    7795
    7931
    7881
    7930
    7804
    7868
    7976
    7921
    7904
    7997
    7764
    7808
    7780
    7734
    7919
    7875
    7865
    7779
    7814
    7784
    7838
    7970
    7927
    7811
    7794
    7877
    7895
    7875
    7986
    7830
    7856
    7869
    7917
    7850
    7873
    7868
    7859
    7868
    7865
    7888
    7788
    7861
    7927
    7901
    7917
    7821
    7862
    7786
    7809
    7932
    7840
    7940
    7829
    7830
    7792
    7853
    7862
    7906
    7897
    7921
    7922
    7760
    7844
    7855
    7961
    7893
    7856
    7835
    7836
    7906
    7874
    7726
    7814
    7800
    7847
    7836
    7836
    7893
    7835
    7834
    7944
    7915
    7890
    7943
    7876
    7842
    7933
    7888
    7805
    7795
    7895
    7838
    7821
    7790
    7866
    7905
    7915
    7886
    7974
    7832
    7908
    7727
    7860
    7931
    7857
    7801
    7868
    7922
    7734
    7775
    7732
    7881
    7742
    7924
    7885
    7872
    7965
    7814
    7891
    7841
    7864
    7962
    7863
    7807
    7894
    7824
    7836
    7847
    7860
    7973
    7933
    7815
    7938
    7914
    7861
    7781
    7782
    7845
    7855
    7765
    7899
    7842
    7848
    7881
    7818
    7852
    7970
    7962
    7794
    7841
    7903
    7869
    7905
    7860
    7795
    7827
    7830
    7841
    7866
    7880
    7773
    7901
    8024
    7755
    7826
    7855
    7927
    7850
    7965
    7870
    7862
    7821
    7884
    7804
    7893
    7854
    7834
    7826
    7880
    7894
    7902
    7881
    7738
    7855
    7840
    7825
    7769
    7830
    7819
    7788
    7809
    7874
    7971
    7742
    7917
    7887
    7985
    7809
    7963
    7881
    7803
    7775
    7765
    7934
    7834
    7884
    7768
    7901
    7892
    7811
    7807
    7872
    7831
    7835
    7967
    7816
    7839
    7930
    7814
    7893
    7993
    7884
    7761
    7640
    7837
    7935
    7965
    7901
    7763
    7948
    7850
    7894
    7766
    7766
    7880
    7849
    7917
    7876
    7956
    7900
    7783
    7888
    7876
    7945
    7941
    7889
    7855
    7891
    7893
    7982
    7893
    7876
    7766
    7813
    7858
    7816
    7791
    7902
    7980
    7857
    7925
    7827
    7800
    7724
    7919
    7856
    7839
    7798
    7838
    7853
    7835
    7865
    7777
    7893
    7862
    7956
    7943
    7937
    7866
    7835
    7806
    7800
    7884
    7905
    7865
    7775
    7747
    7924
    7792
    7923
    7994
    7790
    7846
    7848
    7859
    7932
    7745
    7848
    7821
    7812
    7924
    7815
    7793
    7888
    7734
    7813
    7928
    7870
    8032
    7845
    7883
    8039
    7847
    7837
    7961
    7879
    7775
    7964
    7879
    7786
    7826
    7845
    7838
    7855
    7967
    7823
    7840
    7832
    7875
    7677
    7806
    7949
    7823
    7913
    7876
    8050
    7969
    7962
    7837
    7846
    7817
    7659
    7910
    7919
    7952
    7837
    7919
    7765
    7887
    7779
    7751
    7825
    7794
    7704
    7871
    7878
    7948
    7759
    7899
    7948
    7924
    7895
    7776
    7836
    7879
    7780
    7827
    7889
    7864
    7823
    7915
    7820
    7815
    7869
    7859
    7819
    7829
    7777
    7935
    7821
    7841
    7897
    7922
    7877
    7788
    7850
    7870
    7775
    7847
    7897
    7872
    7833
    7853
    7870
    7981
    7877
    7792
    7856
    7839
    7804
    7951
    7804
    7920
    7829
    7885
    7839
    7823
    7807
    7875
    7865
    7792
    7872
    7870
    7960
    7948
    7855
    7835
    7731
    7901
    7882
    7862
    7756
    7723
    7915
    7917
    7804
    7846
    7834
    7866
    7954
    7868
    7703
    7779
    7875
    7877
    7950
    7940
    7929
    7909
    7794
    7838
    7936
    7881
    7864
    7878
    7874
    7960
    7793
    7921
    7929
    7863
    7991
    7874
    7927
    7800
    7862
    7876
    7843
    7792
    7897
    7841
    7884
    7910
    7743
    7877
    7868
    7824
    7909
    7852
    7799
    7731
    7880
    7757
    7830
    7935
    7858
    7859
    7826
    7843
    7947
    7856
    7834
    7895
    7856
    7830
    7872
    7860
    7819
    7822
    7949
    7943
    7851
    7827
    7839
    7817
    7846
    7807
    7856
    7842
    7868
    7844
    7780
    7868
    7772
    7878
    7865
    7811
    7755
    7936
    7889
    7800
    7760
    7872
    7830
    7807
    7980
    7811
    7875
    7847
    7884
    7948
    7925
    7854
    7892
    7870
    7873
    7865
    7860
    7958
    7805
    7842
    7900
    7855
    7889
    7991
    7867
    7931
    7845
    7904
    7841
    7860
    7901
    7859
    7860
    7932
    7872
    7814
    7959
    7880
    7831
    7798
    7900
    7802
    7865
    7910
    7895
    7859
    7980
    7981
    7919
    7872
    7861
    7907
    7848
    7856
    7857
    7800
    7801
    7860
    7765
    7853
    7925
    7783
    7905
    7978
    7833
    7902
    7789
    7924
    7870
    7926
    7830
    7879
    7756
    7971
    7915
    7881
    7890
    7871
    7806
    7828
    7966
    7872
    7848
    7843
    7852
    7891
    7858
    7894
    7815
    7821
    7993
    7794
    7859
    7836
    7898
    7926
    7765
    7791
    7862
    7885
    7831
    7851
    7841
    7814
    7746
    7773
    7808
    7906
    7892
    7922
    7722
    7843
    7900
    7855
    7810
    7927
    7983
    7884
    7770
    7823
    7774
    7855
    7979
    7811
    7864
    7877
    7844
    7762
    7810
    7834
    7788
    7876
    7843
    7873
    7859
    7843
    7830
    7811
    7931
    7894
    7922
    7849
    7924
    7787
    7853
    7854
    7839
    7867
    7875
    7827
    7766
    7848
    7907
    7907
    7915
    7863
    7794
    7788
    7915
    7835
    7801
    7893
    7909
    7876
    7816
    7924
    7837
    7892
    7942
    7826
    7957
    7848
    7938
    7894
    7778
    7875
    7901
    7862
    7778
    7924
    7895
    7943
    7991
    7862
    7817
    7865
    7861
    7847
    7906
    7802
    7935
    7936
    7878
    7863
    7963
    7791
    7835
    7816
    7846
    7729
    7813
    7864
    7944
    7944
    7848
    7923
    7844
    7910
    7691
    7856
    7856
    7898
    7749
    7784
    7962
    7915
    7794
    7839
    7769
    7763
    7821
    7918
    7881
    7842
    7916
    7882
    7859
    7940
    7881
    7871
    7779
    7902
    7820
    7945
    7938
    7863
    7855
    7885
    7761
    7869
    7833
    7829
    7745
    7917
    7808
    7891
    7907
    7818
    7799
    7883
    7802
    7783
    7770
    7884
    7872
    7869
    7892
    7841
    7884
    7904
    7877
    7910
    7749
    7858
    7945
    7844
    7861
    7909
    7873
    7866
    7951
    7854
    7884
    7812
    7914
    7753
    7858
    7840
    7895
    7843
    7861
    7827
    7861
    7855
    7912
    7940
    7905
    7788
    7748
    7910
    7936
    7850
    7928
    7908
    7861
    7793
    7817
    7821
    7894
    7810
    7801
    7860
    7879
    7858
    7864
    7753
    7866
    7855
    7783
    7848
    7769
    7872
    7885
    7934
    7783
    7956
    7833
    7887
    7889
    7836
    7817
    7810
    7865
    7818
    7802
    7906
    7883
    7843
    7957
    7790
    7887
    7786
    7761
    7875
    7839
    7855
    7941
    7895
    7844
    7824
    7814
    7888
    7839
    7782
    7852
    7880
    7830
    7793
    7754
    7820
    7762
    7899
    7813
    7843
    7872
    7884
    7886
    7908
    7878
    7959
    7945
    7871
    7865
    7810
    7823
    7916
    7919
    7979
    7883
    7761
    7841
    7851
    7862
    7839
    7906
    7790
    8018
    7900
    7852
    7779
    7855
    7839
    7913
    7834
    7881
    7913
    7905
    7882
    7849
    7917
    7827
    7829
    7896
    7769
    7886
    7789
    7916
    7931
    7826
    7955
    7711
    7901
    7815
    7877
    7845
    7830
    7828
    7767
    7806
    7894
    7789
    8067
    7931
    7946
    7800
    7883
    7880
    7883
    7861
    7863
    7779
    8011
    7906
    7805
    7835
    7899
    7822
    7920
    7962
    7814
    7849
    7743
    7814
    8001
    7869
    7760
    7971
    7839
    7884
    7884
    7797
    7888
    7836
    7794
    8039
    7821
    7881
    7867
    7938
    7854
    7875
    7803
    7824
    7896
    7868
    7883
    7892
    7679
    7945
    7866
    7989
    7761
    7779
    7844
    7932
    7952
    7906
    7808
    7789
    7855
    7836
    7820
    7759
    7840
    7835
    7768
    7925
    7921
    7729
    7824
    8005
    7855
    7882
    7720
    7913
    7855
    7865
    7936
    7912
    7805
    7945
    7984
    7736
    7805
    7745
    7889
    8010
    7797
    7878
    7830
    7772
    7803
    7818
    7827
    7909
    7908
    7847
    7846
    7818
    7820
    7898
    7798
    7811
    7891
    7754
    7811
    7826
    8070
    7826
    7841
    7952
    7697
    7819
    7863
    7784
    7809
    7849
    7855
    7845
    7873
    7882
    7952
    7959
    7825
    7798
    7856
    7894
    7862
    7912
    7816
    7945
    7800
    7909
    7809
    7897
    7886
    7878
    7899
    7850
    7795
    7838
    7893
    7864
    7918
    7806
    7749
    7792
    7775
    7873
    7738
    7839
    7882
    7878
    7813
    7857
    7873
    7858
    7801
    7890
    7943
    7974
    7679
    7869
    7922
    7850
    7846
    7945
    7885
    7924
    7840
    7897
    7856
    7958
    7825
    7866
    7831
    7878
    7805
    7794
    7811
    7909
    7881
    7887
    7862
    7855
    7865
    7846
    7949
    7775
    7892
    7914
    7695
    7771
    7848
    7854
    7919
    7753
    7872
    7901
    7769
    7799
    7935
    7863
    7931
    7879
    7892
    7785
    7874
    7877
    7887
    7920
    7829
    7799
    7810
    7900
    7828
    7866
    7783
    7890
    7939
    7861
    7891
    7872
    7886
    7829
    7865
    7902
    7760
    7867
    7920
    7917
    7909
    7818
    7895
    7897
    7918
    7828
    7750
    7802
    7866
    7900
    7894
    7883
    7889
    7822
    7771
    7919
    7920
    7838
    7812
    7856
    7935
    7905
    7941
    7903
    7932
    7894
    7841
    7893
    7838
    7934
    7922
    7921
    7962
    7784
    7782
    7898
    7899
    7895
    7786
    7882
    7840
    7888
    7853
    7922
    7796
    7873
    7848
    7913
    7816
    7712
    7878
    7837
    7851
    7885
    7845
    7854
    7819
    7758
    7899
    7804
    7896
    7991
    7909
    7750
    7877
    7927
    7929
    7893
    7869
    7873
    7866
    7830
    7945
    7766
    7823
    7912
    7880
    7821
    7939
    7874
    7965
    7770
    7879
    7868
    7821
    7925
    7909
    7784
    7878
    7780
    7873
    7868
    7925
    7859
    7868
    7784
    7847
    7851
    7766
    7860
    7961
    7999
    7895
    7860
    7954
    7910
    7918
    7857
    7875
    7841
    7982
    7751
    7767
    7795
    7794
    7867
    7882
    7782
    7863
    7869
    7810
    7897
    7830
    7998
    7949
    7831
    7971
    7835
    7903
    7831
    7813
    7841
    7783
    7862
    7855
    8015
    7926
    7897
    7889
    7979
    7861
    7731
    7809
    7861
    7902
    7861
    7820
    7885
    7916
    7795
    7885
    7770
    7876
    7885
    7817
    7848
    7872
    7935
    7808
    7992
    7846
    7889
    7824
    7775
    7803
    7895
    7966
    7913
    7894
    7905
    7839
    7905
    7812
    7844
    7764
    7724
    7897
    7826
    7911
    7801
    7840
    7850
    7865
    7753
    7889
    8019
    7951
    7948
    7877
    7941
    7896
    7890
    7886
    7885
    7782
    7897
    7773
    7820
    7851
    7778
    7789
    7976
    7898
    7863
    7863
    7810
    7854
    7712
    7806
    7863
    7801
    7808
    7828
    7829
    7710
    7943
    7844
    7805
    7800
    7901
    7807
    7826
    7885
    7888
    7815
    7794
    7822
    7980
    7728
    7862
    7945
    7821
    7795
    7861
    7837
    7807
    7939
    7787
    7810
    7883
    7855
    7783
    7871
    7925
    7907
    7914
    7833
    7873
    7802
    7798
    7971
    7972
    7780
    7922
    7866
    7880
    7826
    7859
    7850
    7940
    7798
    7789
    7906
    7910
    7866
    7924
    7872
    7772
    7806
    7937
    7897
    7779
    7846
    7812
    7774
    7850
    7815
    7869
    7837
    7802
    7859
    7773
    7929
    7785
    7866
    7856
    7878
    7892
    7920
    7788
    7866
    7811
    7810
    7814
    7937
    7848
    7922
    7823
    7844
    7788
    7893
    7876
    7934
    7903
    7828
    7956
    7833
    7820
    7813
    7816
    7801
    7804
    7875
    7853
    7922
    7854
    7778
    7893
    7872
    7851
    7853
    7830
    7918
    7939
    7862
    7793
    7903
    7900
    7887
    7841
    7889
    7899
    7793
    7806
    7875
    7796
    7796
    7958
    7917
    7910
    7944
    7850
    7862
    7803
    7855
    7832
    7943
    7905
    7798
    7810
    7854
    7822
    7787
    7886
    7870
    7754
    7796
    7910
    7814
    7862
    7815
    7814
    7947
    7813
    7759
    7900
    7799
    7877
    7959
    7779
    7904
    7826
    7888
    7878
    7925
    7912
    7811
    8015
    7802
    7898
    7828
    7885
    7902
    7856
    7891
    7881
    8002
    7844
    7873
    7886
    7841
    7930
    7809
    7824
    7887
    7876
    7795
    7860
    7848
    7820
    7805
    7832
    7885
    7827
    7769
    7810
    7854
    7697
    7779
    7753
    7887
    7890
    7860
    7960
    7810
    7775
    7857
    7862
    7849
    7912
    7814
    7863
    7802
    7759
    7856
    7841
    7799
    7733
    7863
    7863
    7903
    7863
    7881
    7809
    7873
    7815
    7938
    7894
    7780
    7775
    7802
    7853
    7885
    7754
    7969
    7815
    7909
    7941
    7843
    7861
    7811
    7743
    8012
    7796
    7820
    7892
    8025
    7873
    7829
    7879
    7884
    7790
    7835
    7885
    7848
    7880
    7874
    7887
    7813
    7836
    7807
    7846
    7887
    7863
    7892
    7821
    7847
    7877
    7879
    7758
    7925
    7895
    7888
    7903
    7756
    7859
    7839
    7872
    7764
    7870
    7894
    7760
    7796
    7862
    7830
    7855
    7880
    7841
    7823
    7838
    7907
    7868
    7729
    7908
    7886
    7777
    7928
    7922
    7892
    7844
    7765
    7917
    7851
    7817
    7836
    8060
    7741
    7767
    7851
    7864
    7835
    7757
    7880
    7870
    7775
    7830
    7810
    7864
    7825
    7755
    7919
    7857
    7864
    7921
    7919
    7860
    7926
    7712
    7831
    7947
    7938
    7894
    7870
    7811
    7980
    7748
    7806
    7882
    7903
    7907
    7733
    7807
    7783
    7847
    7961
    7852
    7912
    7963
    7898
    7694
    7796
    7766
    7780
    7851
    7909
    7840
    7830
    7944
    7901
    7849
    7874
    7905
    7847
    7833
    7791
    7709
    7834
    7831
    7864
    7845
    7855
    7740
    7806
    7801
    7763
    7903
    7936
    7847
    7814
    7937
    7903
    7979
    7883
    7865
    7897
    7863
    7730
    7809
    7883
    7874
    7773
    7761
    7888
    7753
    7964
    7802
    7927
    7890
    7806
    7814
    7920
    7895
    7928
    7925
    7806
    7939
    7878
    7882
    7812
    7882
    7963
    7855
    7830
    7885
    7942
    7844
    7863
    7826
    7839
    7828
    7903
    7882
    7822
    7841
    7857
    7806
    7838
    7868
    7852
    7847
    7840
    7789
    7878
    7921
    7975
    7837
    7978
    7866
    7863
    7772
    7840
    7896
    7890
    7882
    7805
    7823
    7873
    7924
    7874
    7880
    7876
    7848
    7791
    7833
    7810
    7844
    7873
    7820
    7861
    7808
    7840
    7925
    7868
    7848
    7819
    7859
    7781
    7875
    7812
    7799
    7770
    7778
    7901
    7942
    7818
    7808
    7790
    7850
    7879
    7881
    7662
    7847
    7809
    7834
    7956
    7709
    7747
    7818
    7973
    7782
    7806
    7860
    7802
    7868
    7864
    7920
    7830
    7755
    7828
    8001
    7904
    7850
    7858
    7863
    7933
    7795
    7839
    7865
    7739
    7784
    7879
    7894
    7906
    7775
    7982
    7769
    7843
    7944
    7914
    7976
    7862
    7950
    7841
    7952
    7851
    7818
    7965
    7857
    7777
    7869
    7930
    7885
    7791
    7873
    7823
    7847
    7752
    7918
    7844
    7755
    7848
    7855
    7797
    7837
    7878
    7951
    7957
    7884
    7843
    7805
    7793
    7868
    7741
    7817
    7781
    7740
    7879
    7940
    7802
    7867
    7786
    7784
    7897
    7854
    7868
    7903
    7742
    7854
    7890
    7858
    7857
    7860
    7909
    7804
    7876
    7956
    7860
    7802
    7795
    7879
    7951
    7848
    7864
    7786
    7827
    7871
    7805
    7868
    7923
    7929
    7716
    7930
    7867
    7917
    7867
    7716
    7736
    7699
    7941
    7813
    7869
    7876
    7956
    7903
    7819
    7880
    7808
    7812
    7818
    7847
    7788
    7837
    7816
    7853
    7906
    7819
    7856
    7883
    7885
    7923
    7860
    7870
    7843
    7814
    7892
    7942
    7940
    7894
    7920
    7978
    7932
    7998
    7945
    7932
    7732
    7926
    7923
    7767
    7891
    7857
    7941
    7895
    7876
    7865
    7834
    7856
    7875
    7811
    7832
    7880
    7879
    7821
    7916
    7917
    7877
    7791
    7770
    7810
    7841
    7927
    7984
    7783
    7862
    7931
    7755
    7887
    7721
    7910
    7850
    7940
    7800
    7955
    7987
    7920
    7833
    7810
    7856
    7878
    7829
    7921
    7902
    7787
    7829
    7723
    7898
    7799
    7712
    7838
    7786
    7772
    7899
    7926
    7920
    7861
    7933
    7724
    7712
    7824
    7786
    7875
    7749
    7884
    7871
    7824
    7759
    7898
    7772
    7866
    7844
    7855
    7833
    7795
    7832
    7934
    7892
    7902
    7860
    7825
    7817
    7914
    7843
    7883
    7851
    7899
    7707
    7755
    7928
    7678
    7754
    7935
    7912
    7924
    7878
    7760
    7868
    7826
    7754
    7805
    7898
    7892
    7937
    7887
    8026
    7751
    7903
    7893
    7708
    7878
    7967
    7874
    7900
    7913
    7829
    7940
    8044
    7738
    7784
    7917
    7919
    7823
    7946
    7830
    7923
    7893
    7864
    7788
    7887
    7871
    7914
    7820
    7920
    7774
    8013
    7936
    7821
    7952
    7814
    7996
    7816
    7962
    7836
    7869
    7818
    7964
    7846
    7921
    7787
    7787
    7821
    7930
    7927
    7785
    7832
    7760
    7873
    7870
    7768
    7785
    7860
    7764
    7926
    7790
    7864
    7919
    7709
    7917
    7891
    7981
    7892
    7838
    7915
    7842
    7903
    7867
    7834
    7872
    7832
    7936
    7843
    7778
    7844
    7925
    7958
    7813
    7859
    7835
    7842
    7945
    7943
    7818
    7912
    7904
    7844
    7885
    7763
    7795
    7870
    7817
    7931
    7786
    7873
    7817
    7796
    7877
    7947
    7908
    7862
    7803
    7802
    7819
    7913
    7874
    7934
    7903
    7818
    7969
    7893
    7955
    7838
    7752
    7847
    7822
    7872
    7871
    7821
    7917
    7802
    7818
    7907
    7811
    7929
    7988
    7914
    7779
    7806
    7873
    7904
    7778
    7922
    7796
    7812
    7887
    7904
    7912
    7873
    7832
    7829
    7666
    7967
    7886
    7822
    7793
    7862
    7851
    7885
    7927
    7976
    7911
    7824
    7958
    7834
    7881
    7947
    7941
    7880
    7859
    7869
    7897
    7815
    7736
    7821
    7877
    7855
    7819
    7917
    7767
    7823
    7857
    7889
    7833
    7864
    7823
    7997
    7946
    7901
    7801
    7845
    7825
    7833
    7934
    7775
    7843
    7838
    7870
    7895
    7746
    7849
    7881
    7971
    7800
    7830
    7821
    7898
    7868
    7901
    7844
    7853
    7839
    7906
    7926
    7851
    7761
    7976
    7890
    7834
    7898
    7834
    7894
    7904
    7888
    7861
    7764
    8054
    7885
    7934
    7824
    7839
    7885
    7907
    7829
    7907
    7849
    7826
    7831
    7853
    7813
    7898
    7823
    7835
    7818
    7860
    7797
    7823
    7740
    7807
    7891
    7759
    8007
    7935
    7952
    7945
    7861
    7744
    7875
    7923
    7859
    7825
    7857
    7940
    7841
    7920
    7843
    8019
    7975
    7798
    7829
    7989
    7954
    7828
    7889
    7807
    7941
    7950
    7827
    7874
    7883
    7780
    7909
    7784
    7841
    7919
    7870
    7970
    7888
    7966
    7842
    7912
    7857
    7764
    7867
    7931
    7880
    7808
    7795
    7844
    7788
    7892
    7833
    7902
    7876
    7749
    7765
    7798
    7929
    7816
    7911
    7913
    7859
    7812
    7886
    7820
    8011
    7784
    7862
    7873
    7884
    7994
    7833
    7719
    7803
    7830
    7975
    7822
    7791
    7886
    7763
    7840
    7884
    7930
    7815
    7732
    7841
    7905
    7822
    7846
    7877
    7933
    7860
    7833
    7859
    7836
    7852
    7974
    7952
    7797
    7908
    7724
    7876
    7853
    7796
    7712
    7765
    7867
    7801
    7786
    7878
    7914
    7864
    7770
    7781
    7863
    7824
    7859
    7821
    7888
    7829
    7854
    7884
    7803
    7937
    7784
    7835
    7883
    7898
    7812
    7817
    7870
    7873
    7897
    7931
    7821
    7722
    7912
    7813
    7911
    7933
    7956
    7995
    7809
    7811
    7934
    7863
    7767
    7889
    7840
    7813
    7872
    7914
    7930
    7873
    7909
    7900
    7857
    7953
    7846
    7887
    7897
    7791
    7916
    7919
    7817
    8033
    7816
    7827
    7889
    7887
    7833
    7921
    7844
    7810
    7814
    7848
    7905
    7959
    7870
    7847
    7853
    7693
    7898
    7864
    7828
    7830
    7902
    7861
    7838
    7835
    7956
    7839
    7968
    7908
    7915
    7839
    7871
    7881
    7850
    7888
    7887
    7892
    7852
    7720
    7882
    7933
    7925
    7740
    7901
    7786
    7924
    7868
    7845
    7799
    7958
    7868
    7807
    7882
    7727
    7945
    7900
    7822
    7943
    7816
    7773
    7954
    7792
    7966
    7891
    7906
    7831
    7926
    7809
    7811
    8029
    7868
    7898
    7949
    8025
    7866
    7796
    7855
    7938
    7856
    7816
    7881
    7845
    7930
    7931
    7930
    7957
    7844
    7792
    8006
    7932
    7844
    7952
    7842
    7822
    7860
    7953
    7909
    7831
    7854
    7927
    7851
    7910
    7768
    7864
    7921
    7878
    7794
    7841
    7759
    7800
    7850
    7869
    7834
    7969
    7879
    7825
    7828
    7812
    7901
    7829
    7892
    7798
    7848
    7880
    7960
    7764
    7876
    7854
    7869
    7905
    7974
    7897
    7716
    7938
    7849
    7859
    7941
    7835
    7913
    7889
    7820
    7831
    7889
    8008
    7782
    7864
    7866
    7867
    7874
    7835
    7836
    7847
    7915
    7899
    7852
    7928
    7757
    7836
    7705
    7834
    7822
    7919
    7892
    7902
    7751
    7841
    7845
    7929
    7824
    7833
    7851
    7792
    7920
    7834
    7931
    7937
    7851
    7931
    7919
    7855
    7902
    7968
    7862
    7776
    7862
    7829
    7838
    7788
    7777
    7866
    7736
    7853
    7855
    7890
    7795
    7736
    7915
    7678
    7775
    7837
    7850
    7877
    7882
    7711
    7871
    7889
    7933
    7865
    7953
    7878
    7831
    7801
    7881
    7764
    7930
    7847
    7766
    7784
    7916
    7835
    7748
    7848
    7986
    7924
    7866
    7957
    7854
    7876
    7758
    7828
    7952
    7697
    7775
    7797
    7813
    8000
    7961
    7921
    7812
    7858
    7846
    7883
    7910
    7954
    7893
    7993
    7809
    7904
    7925
    7848
    7849
    7775
    7930
    7748
    7791
    7775
    7860
    7887
    7818
    7851
    7848
    7931
    7861
    7850
    7898
    7877
    7857
    7830
    7949
    7966
    7954
    7817
    7764
    7797
    7842
    7910
    7773
    7811
    7862
    7942
    7873
    7889
    7953
    7857
    7871
    7824
    7881
    7813
    7881
    7880
    7927
    7859
    7920
    7901
    7819
    7827
    7755
    7813
    7797
    7898
    7921
    7854
    8017
    7801
    7849
    7822
    7820
    7876
    7749
    7868
    7921
    7841
    7767
    7916
    7837
    7858
    7912
    7807
    7795
    7790
    7880
    7828
    7862
    7790
    7757
    7803
    7864
    7746
    7751
    7842
    7869
    7912
    7856
    7787
    7863
    7940
    7785
    7843
    7986
    7789
    7837
    7879
    7966
    7852
    7719
    7890
    7911
    7780
    7672
    7923
    7969
    7834
    7727
    7876
    7806
    7852
    7827
    7875
    7847
    7959
    7739
    7860
    7871
    7819
    7875
    7898
    7908
    7951
    7787
    7740
    7842
    7860
    7928
    7769
    7900
    7805
    7796
    7808
    7802
    7708
    7852
    7834
    7791
    7847
    7888
    7954
    7779
    7853
    7843
    7772
    7896
    7794
    7901
    7900
    7832
    7954
    7943
    7944
    7905
    7873
    7877
    7875
    7833
    7943
    7821
    7868
    7813
    7763
    7865
    7859
    7897
    7800
    7886
    7864
    7842
    7820
    7801
    7853
    7887
    7799
    7864
    7862
    7890
    7829
    7743
    7924
    7856
    7886
    7945
    7905
    7789
    7866
    7812
    7818
    7837
    7912
    7954
    7794
    7979
    7859
    7915
    7806
    7785
    7868
    7900
    7847
    7899
    7883
    7876
    7835
    7792
    7943
    7797
    7860
    7918
    7926
    7906
    7874
    7750
    7864
    7853
    7841
    7855
    7872
    7788
    7859
    7855
    7771
    7812
    7813
    7837
    7845
    7772
    7843
    7849
    7803
    7785
    7845
    7915
    7873
    7865
    7898
    7833
    7845
    7854
    7808
    7790
    7965
    7827
    7810
    7915
    7750
    7934
    7869
    7904
    7809
    7900
    7835
    7872
    7823
    7808
    7897
    8007
    7690
    7770
    7892
    7910
    7861
    7914
    7867
    7929
    7874
    7892
    7913
    7885
    7922
    7847
    7788
    7880
    7846
    7867
    7878
    7782
    7962
    7926
    7880
    7883
    7836
    7843
    7824
    7869
    7880
    7962
    7887
    7840
    7806
    7801
    7831
    7947
    7795
    7878
    7785
    7843
    7904
    7960
    7896
    7886
    7860
    7856
    7889
    7908
    7802
    7907
    7909
    7947
    7875
    7955
    7890
    7876
    7853
    7872
    7794
    7899
    7902
    7804
    7879
    7831
    7870
    7849
    7886
    8020
    7848
    7937
    7901
    7780
    7808
    7760
    7911
    7914
    7831
    7877
    7822
    7741
    7909
    7907
    7835
    7865
    7943
    7861
    7875
    7839
    7943
    7821
    7938
    7810
    7908
    7894
    7872
    7869
    7853
    7823
    7836
    7883
    7940
    7859
    7946
    7799
    7778
    7934
    7868
    7892
    7877
    7825
    7837
    7847
    7953
    7919
    7894
    7805
    7787
    7842
    7848
    7837
    7731
    7847
    7846
    7874
    7800
    7789
    8002
    7840
    7832
    7775
    7883
    7818
    7900
    7953
    7840
    7780
    7974
    7906
    7892
    7877
    7890
    7881
    7828
    7883
    7797
    7999
    7867
    7783
    7756
    7772
    7952
    7852
    7902
    7848
    7859
    7808
    7784
    7885
    7987
    7885
    7853
    8038
    7920
    7888
    7956
    7979
    7949
    7921
    7879
    7762
    7890
    7921
    7922
    7833
    7810
    7871
    7880
    7851
    7811
    7977
    7949
    7827
    7895
    7858
    7893
    7954
    7777
    7872
    7832
    7849
    7786
    7833
    7913
    7830
    7898
    7826
    7791
    7854
    7824
    7967
    7925
    7913
    7893
    7911
    7856
    7902
    7765
    7946
    7837
    7810
    7804
    7836
    7821
    7928
    7949
    7923
    7928
    7833
    7973
    7928
    7864
    7879
    7814
    7774
    7814
    7934
    7882
    7819
    7875
    7834
    7941
    7816
    7762
    7874
    7826
    7874
    7835
    7866
    7834
    7898
    7921
    7906
    7786
    7860
    7897
    7837
    7811
    7843
    7781
    7815
    7914
    7865
    7865
    7893
    7872
    7816
    7861
    7876
    7844
    7846
    7927
    7756
    7744
    7806
    7820
    7834
    7841
    7856
    7865
    7886
    7880
    7847
    7838
    7785
    7836
    7751
    7849
    7875
    7864
    7792
    7788
    7843
    7745
    7854
    7742
    7878
    7945
    7898
    7812
    7957
    7960
    7879
    7883
    7872
    7778
    7862
    7946
    7870
    7876
    7873
    7944
    7904
    7862
    7868
    7869
    7820
    7942
    7881
    7897
    7959
    7870
    7902
    7933
    7751
    7879
    7824
    7820
    7819
    7834
    7766
    7878
    7895
    7836
    7874
    7738
    7883
    7881
    7787
    7957
    7888
    7807
    7842
    7949
    7842
    7857
    7850
    7820
    7898
    7897
    7978
    7851
    7881
    7981
    7851
    7888
    7940
    7843
    7878
    7898
    7876
    7914
    7848
    7913
    7865
    7864
    7954
    7854
    7981
    7844
    7769
    7896
    7899
    7863
    7794
    7842
    7842
    7879
    7778
    7889
    8015
    7908
    7811
    7934
    7896
    7798
    7769
    7822
    7917
    7907
    7852
    7856
    7876
    7797
    7896
    7843
    7761
    7872
    7931
    7816
    7923
    7879
    7818
    7836
    7779
    7823
    7894
    7825
    7822
    7788
    7927
    7937
    7912
    7821
    7862
    7878
    7904
    8010
    7823
    7845
    7833
    7774
    7777
    7929
    7829
    7850
    7802
    7859
    7760
    7812
    7841
    7836
    7839
    7939
    7776
    7847
    7832
    7903
    7897
    7916
    7679
    7873
    7734
    7858
    7873
    7833
    7807
    7859
    7792
    7782
    7917
    7789
    7967
    7793
    7782
    7817
    7809
    7738
    7708
    7813
    7821
    7880
    7797
    7910
    7897
    7912
    7885
    7796
    7928
    7932
    7907
    7982
    7832
    7954
    7918
    7884
    7897
    7773
    7846
    7833
    7948
    7817
    7834
    7905
    7832
    7878
    7816
    7859
    7732
    7883
    7736
    7919
    7868
    7866
    7876
    7796
    7845
    7789
    7931
    7811
    7912
    7845
    7903
    7873
    7907
    8005
    7916
    7833
    7881
    7861
    7890
    7792
    7878
    7882
    7948
    7962
    7919
    7750
    7850
    7887
    7890
    7834
    7795
    7849
    7830
    7807
    7799
    7820
    7826
    7866
    7813
    7853
    7871
    7778
    7799
    7894
    7782
    7852
    7850
    7886
    7879
    7857
    7912
    7910
    7931
    7920
    7854
    7947
    7840
    7825
    7883
    7926
    7841
    7868
    7987
    7915
    7822
    7928
    7841
    7791
    7763
    7865
    7875
    7821
    7842
    7901
    7845
    7925
    7914
    7838
    7882
    7944
    8011
    7954
    7815
    7764
    7956
    7880
    7741
    7982
    7691
    7799
    7831
    7806
    7775
    7780
    7890
    7838
    7953
    7886
    7906
    7849
    7853
    7850
    7820
    7902
    7830
    7889
    7813
    7824
    7732
    7883
    7921
    7803
    7890
    7834
    7815
    7922
    7725
    7829
    7876
    7861
    7930
    7826
    7775
    7854
    7837
    7924
    7818
    7791
    7867
    7817
    7718
    7828
    7883
    8016
    7894
    7891
    7773
    7835
    7916
    7782
    7828
    7836
    7873
    7856
    7999
    7867
    7902
    7942
    7972
    7908
    7812
    7846
    7982
    7946
    7827
    7747
    7844
    7909
    8002
    7849
    7894
    7852
    7912
    7862
    7740
    7911
    7794
    7846
    7877
    7914
    7868
    7812
    7792
    7864
    7872
    7818
    7782
    7802
    7817
    7790
    7760
    7948
    7925
    7742
    7807
    7830
    7854
    7841
    7932
    7857
    7973
    7873
    7845
    7774
    7885
    7880
    8008
    7853
    7806
    7816
    7850
    7899
    7870
    7814
    7894
    7781
    7800
    8029
    7897
    7784
    7757
    7891
    7832
    7866
    7944
    7898
    7879
    7860
    7909
    7737
    7759
    7936
    7742
    7913
    7903
    7879
    7890
    7859
    7825
    7801
    7884
    7885
    7743
    7792
    7845
    7915
    7858
    7868
    7842
    7864
    7927
    7840
    7801
    7858
    7949
    7891
    7977
    7889
    7751
    7810
    7780
    7941
    7851
    7819
    7836
    7842
    7870
    7805
    7816
    7814
    7821
    7942
    7796
    7893
    7780
    7903
    7977
    7860
    7921
    7867
    7942
    7889
    7919
    7918
    7832
    7884
    7919
    7920
    7837
    7773
    7852
    7895
    7985
    7923
    7873
    7863
    7866
    7883
    7876
    7911
    7863
    7882
    7887
    7759
    7846
    7768
    7856
    7866
    7865
    7999
    7899
    7935
    7811
    7900
    7950
    7890
    7811
    7852
    7851
    7837
    7845
    7887
    7853
    7981
    7837
    7951
    7771
    7764
    7870
    7921
    7874
    7836
    7830
    7845
    7873
    7878
    7858
    7911
    7753
    7926
    7926
    7843
    7848
    7871
    7899
    7884
    7911
    7894
    7873
    7838
    7772
    7855
    7853
    7889
    7831
    7844
    7904
    7817
    7868
    7748
    7885
    7909
    7907
    7847
    7886
    7873
    7795
    7922
    7879
    7862
    7790
    7858
    7911
    7862
    7865
    7793
    7935
    7829
    7818
    7856
    7887
    7951
    7852
    7862
    7890
    7887
    7875
    7898
    7945
    7989
    7842
    7812
    7812
    7828
    7883
    7817
    7876
    7848
    7792
    7855
    7909
    7907
    7787
    7782
    7895
    7903
    7800
    7807
    7868
    7914
    7895
    7825
    7827
    7760
    7868
    7817
    7960
    7829
    7777
    7906
    7935
    7890
    7854
    7798
    7797
    7788
    7910
    7914
    7834
    7900
    7783
    7848
    7822
    7875
    7883
    7932
    7850
    7807
    7844
    7807
    7820
    7820
    7887
    7921
    7886
    7918
    7804
    7912
    7872
    7831
    7771
    7835
    7817
    7874
    7921
    7906
    7905
    7912
    7878
    7880
    7908
    7958
    7874
    7835
    7777
    7905
    7804
    7894
    7841
    7796
    7796
    7778
    7898
    7882
    7834
    7905
    7815
    7863
    7921
    7770
    7962
    7879
    7801
    7848
    7810
    7865
    7883
    7844
    7875
    7779
    7896
    7956
    7875
    7874
    7755
    7778
    7796
    7856
    7799
    7900
    7866
    7862
    7887
    7858
    7925
    7860
    7897
    7882
    7857
    7908
    7781
    7962
    7858
    7862
    7895
    7821
    7677
    7896
    7776
    7817
    7810
    7958
    7902
    7868
    7936
    7803
    7789
    7981
    7866
    7841
    7886
    7880
    7879
    7914
    7819
    7758
    7834
    7819
    7728
    7902
    7833
    7853
    7844
    7953
    7890
    7866
    7686
    7772
    7862
    7982
    7792
    7828
    7811
    7849
    7845
    7981
    7894
    7899
    7780
    7929
    7695
    7815
    7869
    7820
    7834
    7894
    7859
    7882
    7851
    7823
    7834
    7900
    7788
    7969
    7890
    7858
    7850
    7836
    7973
    7800
    7936
    7938
    7899
    7857
    7818
    7929
    7831
    7803
    7893
    7923
    7729
    7860
    7814
    7844
    7879
    7823
    7875
    7874
    7887
    7879
    7856
    7859
    7929
    7860
    7792
    7932
    7858
    7847
    7867
    7841
    7832
    7905
    7881
    7852
    7930
    7838
    7936
    7851
    7915
    7794
    7961
    7840
    7903
    7944
    7881
    7788
    7883
    7811
    7941
    7803
    7918
    7816
    7891
    7880
    7795
    7805
    7835
    7862
    7785
    7862
    7855
    7733
    7949
    7848
    7934
    7805
    7768
    7900
    7760
    7785
    7889
    7892
    7828
    7880
    7818
    7929
    7870
    7862
    7847
    7874
    7882
    7936
    7827
    7825
    7776
    7855
    7900
    7903
    7875
    7761
    7894
    7728
    7794
    7867
    7907
    7779
    7758
    7832
    7918
    7882
    7886
    7899
    7904
    7799
    7756
    7839
    7806
    7863
    7881
    7893
    7947
    7972
    7854
    7892
    7822
    8011
    7770
    7805
    7797
    7805
    7768
    7867
    7899
    7763
    7846
    7930
    7799
    7953
    7921
    7817
    7900
    7842
    7873
    7846
    7828
    7829
    7774
    7884
    7870
    7905
    7804
    7876
    7932
    7792
    7743
    7840
    7867
    7822
    7907
    7902
    7827
    7816
    7927
    7862
    7945
    7766
    7845
    7783
    7882
    7923
    7842
    7829
    7870
    7818
    7880
    7809
    7866
    7951
    7846
    7825
    7867
    7931
    7930
    7872
    7841
    7917
    7986
    7907
    7827
    7795
    7901
    7765
    7808
    7735
    7725
    7783
    7905
    7876
    7964
    7877
    7915
    7877
    7807
    7800
    7883
    7893
    7875
    7939
    7822
    7841
    7854
    7898
    7823
    7951
    7909
    7868
    7875
    7866
    7758
    7897
    7829
    7834
    7778
    8017
    7853
    7836
    7901
    7832
    7934
    7827
    7841
    7849
    7913
    7825
    7773
    7891
    7876
    7813
    7881
    7874
    7858
    7981
    7922
    7916
    7794
    7931
    7807
    7839
    7857
    7853
    7877
    7800
    7862
    7886
    7811
    7856
    7938
    7769
    7811
    7886
    7792
    7850
    7768
    7849
    8012
    7796
    7813
    7910
    7775
    7793
    7876
    7809
    7732
    7851
    7766
    7904
    7909
    7865
    7739
    7823
    7905
    7776
    7830
    7795
    7910
    7964
    7912
    7857
    7891
    7776
    7846
    7772
    7906
    7863
    7759
    7816
    7828
    7914
    7832
    7798
    7860
    7775
    7844
    7903
    7858
    7862
    7819
    7915
    7939
    7773
    7883
    7910
    7796
    7757
    7815
    7856
    7849
    7816
    7856
    7877
    7806
    7826
    7804
    7843
    8000
    7781
    7881
    7769
    7907
    7732
    7966
    7836
    7898
    7895
    7943
    7815
    7910
    7690
    7852
    7845
    7866
    7850
    7806
    7874
    7907
    7804
    7877
    7919
    7910
    7870
    7867
    7798
    7934
    7949
    7857
    7919
    7894
    7815
    7776
    7905
    8008
    7871
    7880
    7812
    7881
    7784
    7817
    7709
    7983
    7800
    7822
    7801
    7889
    7838
    7820
    7886
    7870
    7793
    7769
    7976
    7855
    7842
    7894
    7889
    7977
    7868
    7769
    7768
    7878
    7757
    7987
    7888
    7891
    7876
    7849
    7880
    7858
    7864
    7900
    7937
    7826
    7938
    7959
    7927
    7800
    7843
    7898
    7917
    7961
    7812
    7847
    7930
    7946
    7775
    7838
    7792
    7941
    7867
    7844
    7854
    7921
    7847
    7842
    7815
    7785
    7900
    7936
    7859
    7938
    7903
    7891
    7919
    7823
    7854
    7857
    7750
    7933
    7909
    7885
    7780
    7896
    7905
    7826
    7777
    7819
    7854
    7887
    7791
    7864
    7830
    7890
    7841
    7823
    7815
    7832
    7852
    7862
    7882
    7835
    7953
    7817
    7863
    7812
    7773
    7797
    7878
    7859
    8001
    7864
    7936
    7911
    7860
    7869
    7901
    7819
    7785
    7883
    7850
    7902
    7793
    7802
    7945
    7859
    7817
    7931
    7885
    7902
    7872
    7865
    7831
    7907
    7858
    7772
    7903
    7885
    7784
    7942
    7835
    7868
    7918
    7843
    7927
    7854
    7897
    7872
    7946
    7774
    7859
    7926
    7704
    7853
    7781
    7809
    7876
    7879
    7823
    7799
    7940
    7781
    7981
    7877
    7794
    7936
    7824
    7806
    7843
    7848
    7993
    7858
    7925
    7704
    7763
    7928
    7914
    7860
    7838
    7868
    7857
    7835
    7810
    7835
    7905
    7771
    7816
    7858
    7830
    7869
    7851
    7787
    7877
    7820
    7960
    7861
    7854
    7841
    7951
    7849
    7752
    7767
    7804
    7896
    7939
    7838
    7910
    7863
    7881
    7845
    7837
    7883
    7839
    7975
    7953
    7906
    7830
    7877
    7821
    7827
    7819
    7845
    7884
    7820
    7899
    7923
    7849
    7873
    7853
    7852
    7918
    7978
    7941
    7962
    7932
    7878
    7900
    7951
    7849
    7999
    7808
    7839
    7788
    7890
    7853
    7845
    7800
    7723
    7914
    7894
    7877
    7816
    7822
    7907
    7752
    7869
    7953
    7835
    7839
    7863
    7901
    7987
    7949
    7887
    7972
    7928
    7734
    7867
    7924
    7827
    7871
    7945
    7869
    7925
    7884
    7857
    7846
    7801
    7784
    7770
    7876
    7846
    7963
    7904
    7826
    7785
    7882
    7798
    7746
    7806
    7947
    7794
    7832
    7935
    7830
    7904
    7864
    7867
    7836
    7972
    7971
    7735
    7993
    7944
    7920
    7853
    7809
    7866
    7905
    7857
    7810
    7889
    7772
    7961
    7868
    7902
    7776
    7798
    7896
    7912
    7889
    7874
    7931
    7862
    7856
    7945
    7845
    7922
    7798
    8044
    7874
    7858
    7991
    7893
    7821
    7826
    7906
    7928
    7885
    7875
    7839
    7747
    7859
    7783
    7747
    7837
    7843
    7847
    7806
    7805
    7858
    7787
    7762
    7931
    7949
    7956
    7854
    7761
    7852
    7893
    7915
    7836
    7862
    7782
    7874
    7899
    7892
    7864
    7801
    7791
    7807
    8039
    7762
    7961
    7847
    7868
    7941
    7846
    7925
    7847
    7968
    7982
    7862
    7771
    7795
    7885
    7846
    7842
    7889
    7833
    7893
    7841
    7868
    7824
    7791
    7982
    7928
    7834
    7783
    7947
    7960
    7861
    7910
    7730
    7936
    7950
    7769
    7931
    7938
    7699
    7715
    7814
    7835
    7980
    7924
    7822
    7897
    7898
    7838
    7818
    7859
    7956
    7973
    7778
    8009
    7859
    7793
    7913
    7734
    7848
    7867
    7861
    7861
    8010
    7707
    7835
    7834
    7921
    7858
    7930
    7896
    7905
    7969
    7809
    7857
    7787
    7832
    7831
    7791
    7984
    7740
    7896
    7854
    7769
    7871
    7887
    7850
    7850
    7944
    7903
    7875
    7897
    7874
    7792
    7915
    7898
    7816
    7894
    7794
    7904
    7922
    7825
    7858
    7932
    7875
    7819
    7754
    7851
    7895
    7860
    7886
    7809
    7802
    7787
    7901
    7774
    7799
    7889
    7983
    7939
    7863
    7875
    7881
    7864
    7991
    7793
    8048
    7839
    7919
    7961
    7923
    7861
    7926
    7827
    7820
    7841
    7775
    7942
    7952
    7785
    7831
    7896
    7808
    7859
    7838
    7749
    7857
    7841
    7843
    7948
    7873
    7820
    7801
    7963
    7976
    7792
    7809
    7858
    7835
    7802
    7901
    7796
    7770
    7819
    7946
    7933
    7889
    7968
    7870
    7869
    7942
    7805
    7873
    7842
    7799
    7839
    7876
    7819
    7785
    7771
    7882
    7930
    7892
    7996
    7911
    7898
    7967
    7771
    7873
    7873
    7884
    7911
    7913
    7965
    7928
    7817
    7789
    7888
    7879
    7782
    7838
    7859
    7822
    7798
    7893
    7863
    7947
    7846
    7859
    7826
    7791
    7856
    7741
    7879
    7786
    7830
    7940
    7847
    7789
    7909
    7945
    7954
    7874
    7778
    7844
    7870
    7749
    7783
    7881
    7818
    7973
    7771
    7888
    7783
    7799
    7906
    7831
    7988
    7767
    7737
    7772
    7822
    7850
    7884
    7771
    7862
    7889
    7854
    7887
    7957
    7828
    7779
    7855
    7834
    7863
    7826
    7759
    7853
    7944
    7814
    7840
    7915
    7942
    7806
    7831
    7852
    7891
    7795
    7896
    7904
    7825
    7965
    7926
    7770
    7947
    7908
    7891
    7931
    7842
    7841
    7909
    7899
    7977
    7811
    7805
    7892
    7853
    7879
    7785
    7855
    7860
    7799
    7941
    7826
    7858
    7751
    7920
    7887
    7790
    7782
    7928
    7946
    7882
    7842
    7875
    7823
    7838
    7933
    7911
    7931
    7959
    7831
    7836
    7865
    7825
    8015
    7878
    7802
    7844
    7925
    7851
    7890
    7928
    7832
    7853
    7852
    7855
    7852
    7772
    7840
    7857
    7899
    7734
    7859
    7815
    7896
    7931
    7778
    7845
    7812
    7838
    7889
    7914
    7842
    7776
    7954
    7867
    7799
    7847
    7791
    7854
    7924
    7881
    7803
    7917
    7788
    7791
    7888
    8007
    7995
    7836
    7856
    7940
    7916
    7941
    7901
    7826
    7847
    7918
    7947
    7826
    7927
    7778
    7905
    7786
    7802
    7864
    7920
    7805
    7894
    7830
    7799
    7874
    7783
    7843
    7865
    7832
    7889
    7782
    7851
    7851
    7969
    7843
    7900
    7934
    7819
    7818
    7735
    7957
    7889
    7903
    7865
    7932
    7821
    7751
    7877
    7851
    7899
    7796
    7806
    7991
    7861
    7853
    7778
    7948
    7794
    7922
    7901
    7929
    7953
    7841
    7894
    7941
    7849
    7697
    7997
    7876
    7854
    7961
    7672
    7930
    7904
    7822
    7774
    7906
    7951
    7764
    7841
    7786
    7881
    7758
    7822
    7894
    7783
    7910
    7781
    7838
    7794
    7829
    7912
    7855
    7789
    7805
    7884
    7859
    7964
    7844
    7966
    7886
    7887
    7894
    7904
    7931
    7862
    7872
    7893
    7871
    7822
    7803
    7818
    7843
    7954
    7826
    7831
    7863
    7899
    7800
    7834
    7867
    7889
    7957
    7893
    7835
    7872
    7912
    7870
    7884
    7801
    7919
    7968
    7793
    7792
    7862
    7789
    7827
    7872
    7881
    7836
    7944
    7825
    7922
    7942
    7873
    7840
    7819
    7874
    7960
    7835
    7789
    7948
    7716
    7835
    7956
    7895
    7964
    7831
    7805
    7888
    7820
    7802
    7892
    7843
    7960
    7864
    7851
    7849
    7889
    7855
    7903
    7822
    7833
    7753
    7823
    7840
    7816
    7865
    7793
    7750
    7913
    7921
    7842
    7840
    7871
    7821
    7975
    7934
    7898
    7805
    7784
    7751
    7786
    7802
    7967
    7889
    7844
    7931
    7901
    7835
    7730
    7828
    7844
    7831
    7894
    7871
    7976
    7758
    7809
    7730
    7873
    7902
    7911
    7909
    7856
    7834
    7843
    7952
    7843
    7783
    7890
    7820
    7977
    7838
    7905
    7876
    7831
    7839
    7958
    7971
    7899
    7737
    7834
    7866
    7827
    7782
    7834
    7909
    7777
    7838
    7928
    7862
    7757
    7795
    7903
    7870
    7792
    7979
    7933
    7809
    7909
    7780
    7816
    7854
    8015
    7860
    7748
    7858
    7716
    7880
    7886
    7788
    7828
    7900
    7760
    7852
    7929
    7887
    7941
    7808
    7907
    7898
    7807
    7786
    7884
    7748
    7922
    7820
    7812
    7897
    7781
    7796
    7820
    7862
    7931
    7891
    7871
    7935
    7900
    7863
    7932
    7884
    7794
    7888
    7909
    7909
    7839
    7889
    7935
    7844
    7913
    7782
    7918
    8054
    7840
    7793
    7728
    7784
    7868
    7814
    7842
    7855
    7783
    7851
    7849
    7761
    7806
    7938
    7897
    7860
    7806
    7906
    7775
    7918
    7851
    7838
    7909
    7885
    7870
    7776
    7873
    7816
    7720
    7890
    8012
    7746
    7904
    7945
    7811
    7903
    7864
    7851
    7888
    7871
    7870
    7892
    7867
    7779
    7846
    7773
    7828
    7816
    7870
    7799
    7853
    7798
    7893
    7800
    7821
    7793
    7807
    7719
    7808
    7864
    7818
    7879
    7723
    7849
    7786
    7860
    7888
    7854
    7907
    7789
    8020
    7887
    7913
    7852
    7856
    7800
    7806
    7815
    7878
    7882
    7892
    8022
    7883
    7952
    7798
    7847
    7872
    7902
    7808
    7929
    7909
    7880
    7960
    7838
    7907
    7910
    7880
    7875
    7848
    7977
    7915
    7904
    7954
    7985
    7804
    7992
    7840
    7820
    7827
    7943
    7839
    7806
    7913
    7863
    7807
    7886
    7895
    7860
    7844
    7840
    7823
    7834
    7949
    7856
    7790
    7820
    7795
    7837
    7939
    7831
    7860
    7876
    7846
    7913
    7857
    7960
    7850
    7829
    7843
    7868
    7921
    7873
    7855
    7892
    7866
    7875
    7893
    7816
    7833
    7770
    7948
    7933
    7885
    7878
    7845
    7948
    7864
    7908
    7829
    7770
    7851
    7811
    7829
    7892
    7822
    7796
    7837
    7878
    7875
    7711
    7932
    7842
    7925
    7808
    7837
    7877
    7879
    7856
    7867
    7844
    7880
    7920
    7829
    7812
    7924
    7968
    7821
    7878
    7782
    7918
    7871
    7952
    7936
    7836
    7983
    7837
    7912
    7895
    7953
    7961
    7766
    7765
    7854
    7727
    7876
    7864
    7850
    7786
    7804
    7884
    7828
    7992
    7811
    7914
    7791
    7776
    7695
    7881
    7816
    7886
    7957
    7918
    7882
    7864
    7845
    7815
    7716
    7817
    7748
    7885
    7970
    7825
    7975
    7825
    7919
    7836
    7940
    7759
    7860
    7923
    7878
    7971
    7912
    7867
    7835
    7867
    7925
    7893
    7842
    7875
    7893
    7886
    7839
    7898
    7768
    7847
    7863
    7855
    7789
    7962
    7886
    7850
    7884
    7847
    7753
    7899
    7959
    7840
    7893
    7786
    7996
    7960
    7927
    7767
    7920
    7896
    7836
    7948
    7836
    7799
    7880
    7882
    7832
    7823
    7795
    7823
    7983
    7896
    7905
    7841
    7913
    7769
    7804
    7831
    7884
    7750
    7812
    7781
    7884
    7794
    7872
    7919
    7914
    7941
    7896
    7979
    7791
    7880
    7940
    7798
    7791
    7880
    7849
    7822
    7810
    7921
    7903
    7822
    7905
    7938
    7899
    7821
    7826
    7826
    7772
    7908
    7863
    7847
    7959
    7811
    7932
    7932
    7932
    7843
    7979
    7893
    7845
    7909
    7861
    7960
    7857
    7944
    7734
    7808
    7865
    7844
    7945
    7772
    7818
    7900
    7886
    7850
    7717
    7877
    7795
    7835
    7853
    7853
    7839
    7732
    7942
    7933
    7991
    7908
    7880
    7830
    7881
    7816
    7908
    7882
    7875
    7871
    7902
    7930
    7823
    7817
    7974
    7898
    7920
    7887
    7878
    7908
    7843
    7799
    7896
    7908
    7860
    7711
    7855
    7914
    7869
    7909
    7905
    7880
    7858
    7854
    7908
    7857
    7820
    7908
    7867
    7867
    7834
    7867
    7867
    7878
    7800
    7850
    7843
    7746
    7971
    7847
    7883
    7720
    7847
    7662
    7889
    7811
    7933
    7909
    7883
    7940
    7831
    7792
    7822
    7885
    7879
    7842
    7956
    7881
    7904
    7963
    7840
    7927
    7723
    7888
    7907
    7755
    7792
    7861
    7915
    7897
    7795
    7863
    7958
    7860
    7855
    7919
    8009
    7856
    7805
    7902
    7965
    7960
    7929
    7784
    7860
    7878
    7845
    7889
    7822
    7920
    7829
    7965
    7877
    7875
    7956
    7964
    7777
    7907
    7841
    7856
    7900
    7837
    7863
    7942
    7913
    7907
    7845
    7782
    7903
    7893
    7919
    7823
    7845
    7904
    7847
    7790
    7888
    7836
    7899
    7760
    7833
    7810
    7840
    7808
    7830
    7824
    7814
    7902
    7816
    7841
    7953
    7869
    7890
    7847
    7920
    7789
    7810
    7914
    7854
    7896
    7768
    7821
    7709
    7697
    7935
    7840
    7954
    7936
    7886
    7760
    7960
    7750
    7845
    7897
    7813
    7766
    7769
    7879
    7843
    7858
    7901
    7790
    7847
    7847
    7818
    7832
    7886
    7867
    7907
    7735
    7856
    7920
    7888
    7873
    7892
    7877
    7836
    7867
    7857
    7915
    7848
    7790
    7770
    7893
    7868
    7924
    7860
    7929
    7886
    7809
    7863
    7828
    7873
    7923
    7762
    7747
    7816
    7885
    7919
    7815
    7868
    7991
    7869
    7789
    7893
    7932
    7881
    8006
    7910
    7918
    7834
    7769
    7894
    7878
    7829
    7742
    7771
    7711
    7922
    7866
    7780
    7859
    7840
    7798
    7868
    7880
    7882
    7774
    7940
    7859
    7751
    7830
    7826
    7804
    7854
    7908
    7892
    7853
    7743
    7902
    7896
    7800
    7878
    7838
    7934
    7968
    7817
    7905
    7841
    7849
    7972
    7897
    7782
    7874
    7778
    7889
    7987
    7965
    7892
    7857
    7848
    7817
    7853
    7848
    7847
    7954
    7868
    7821
    7942
    7888
    7863
    7834
    7816
    7945
    7888
    7800
    7839
    7985
    7759
    7981
    7869
    7791
    7735
    8007
    7924
    7833
    7831
    7824
    7862
    7853
    7828
    7845
    7907
    7841
    7936
    7881
    7918
    7839
    7808
    7879
    7800
    7741
    7893
    7946
    7771
    7806
    7974
    7859
    7893
    7755
    7890
    7951
    7757
    7948
    7890
    7781
    7858
    8018
    7713
    7941
    7976
    7841
    7933
    7852
    7998
    7867
    7766
    7803
    7825
    7920
    7853
    7863
    7911
    7864
    7835
    7868
    7863
    7942
    7812
    7806
    7865
    7872
    7895
    7825
    7892
    7817
    7923
    7874
    7870
    7827
    7823
    7843
    7898
    7843
    7808
    7944
    7894
    7878
    7922
    7807
    7830
    7871
    7851
    7749
    7808
    7832
    7805
    7868
    7754
    7800
    7893
    7762
    7983
    7859
    7852
    7972
    7860
    7965
    7997
    7827
    7854
    7884
    7788
    7789
    7905
    7877
    7918
    7825
    7878
    7848
    7903
    7844
    7808
    7791
    7781
    7871
    7994
    7832
    7806
    7910
    7909
    8010
    7947
    7922
    7878
    7770
    7864
    7830
    7798
    7928
    7874
    7861
    7973
    7902
    7900
    7862
    7788
    7815
    7876
    7927
    7842
    7879
    7761
    7925
    7909
    7865
    7905
    7862
    7889
    7844
    7859
    7868
    7787
    7881
    7830
    7902
    7859
    7884
    7874
    7827
    8006
    7940
    7889
    7874
    7829
    7854
    7805
    7852
    7860
    7840
    7903
    7892
    7872
    7872
    7837
    7803
    7876
    7835
    8051
    7793
    7838
    7908
    7773
    7742
    7959
    7846
    7908
    7866
    7883
    7870
    7810
    7959
    7941
    7858
    7884
    7851
    7762
    7894
    7878
    7838
    7825
    7863
    7971
    7807
    7979
    7906
    7884
    7875
    7757
    7912
    7969
    7827
    7880
    7857
    7844
    7862
    7925
    7809
    7834
    7818
    7984
    7916
    7868
    7853
    7774
    7882
    7923
    7897
    7808
    7895
    7870
    7901
    7797
    7861
    7833
    7792
    7731
    7857
    7875
    7886
    8008
    7943
    7881
    7718
    7859
    7858
    7798
    7825
    7871
    7815
    7767
    7916
    7974
    7706
    7795
    7919
    7793
    7895
    7868
    7753
    7883
    7865
    7888
    7793
    7925
    7770
    7933
    7780
    7843
    7830
    7882
    7830
    7823
    7919
    7845
    7720
    7944
    7913
    7804
    7811
    7847
    7919
    7885
    7759
    7920
    7844
    7797
    7873
    7842
    7760
    7938
    7925
    7843
    7794
    7805
    7720
    7912
    7880
    7927
    7920
    7901
    7810
    7952
    7900
    7866
    7967
    7908
    7896
    7840
    7896
    7919
    7821
    8016
    7898
    7869
    7873
    7871
    7839
    7780
    7835
    7892
    7934
    7812
    7803
    7883
    7842
    7888
    7837
    7815
    7905
    7854
    7914
    7840
    7892
    7877
    7821
    7875
    7931
    7808
    7843
    7898
    7785
    7862
    7797
    7892
    7945
    7837
    7827
    7895
    7983
    7886
    7912
    7889
    7737
    7863
    7929
    7774
    7924
    7933
    7856
    7874
    7910
    7855
    7887
    8018
    7840
    7882
    7923
    7841
    7758
    7874
    7804
    7823
    7934
    7884
    7911
    7860
    7911
    7841
    7852
    7875
    7771
    7813
    7867
    7900
    7901
    7921
    7782
    7883
    7854
    7898
    7759
    7771
    7887
    7838
    7805
    7828
    7864
    7819
    7934
    7856
    8008
    7907
    7820
    7873
    7925
    7862
    7813
    7827
    7778
    7904
    7984
    7880
    7923
    7816
    7869
    7784
    7792
    7828
    7941
    7774
    7803
    7876
    7882
    7772
    7841
    7840
    7843
    7821
    7804
    7833
    7906
    7934
    7832
    7851
    7823
    7900
    7793
    7912
    7861
    7812
    7732
    7888
    7827
    7899
    7783
    7827
    7802
    7836
    7857
    7876
    7953
    7922
    7919
    7868
    7922
    7855
    7908
    7842
    7908
    7904
    7879
    7813
    7716
    7917
    7927
    7846
    7803
    7797
    7823
    7840
    7854
    7796
    7887
    7792
    7891
    7913
    7879
    7825
    7897
    7988
    7870
    7848
    7942
    7894
    7878
    7780
    7826
    7892
    7877
    7776
    7777
    7841
    7818
    7847
    7859
    7890
    7925
    7871
    7844
    7855
    7941
    7950
    7816
    7823
    7820
    7773
    7785
    7898
    7758
    7808
    7795
    7862
    7886
    7869
    7785
    7823
    7859
    7923
    7918
    7845
    7833
    7802
    7916
    7842
    7839
    7831
    7911
    7864
    7793
    7757
    7921
    7865
    7854
    7893
    7876
    7825
    7963
    7834
    7785
    7905
    7844
    7808
    7715
    7880
    7837
    7793
    7911
    7896
    7789
    7734
    7740
    7881
    7915
    7821
    7791
    7709
    7960
    7894
    7761
    7795
    7772
    7857
    7831
    7730
    7842
    7881
    8043
    7790
    7808
    7849
    7888
    7927
    7926
    7886
    7890
    7754
    7817
    7909
    7892
    7787
    7968
    7837
    7847
    7843
    7884
    7964
    7888
    7738
    7892
    7734
    7901
    7851
    7839
    7782
    7902
    7881
    7874
    7884
    7861
    7784
    7825
    7862
    7807
    7824
    7894
    7852
    7816
    7840
    7786
    7823
    7878
    7933
    7934
    7921
    7839
    7889
    7914
    7929
    7762
    7936
    7826
    7804
    7900
    7871
    7801
    7792
    7853
    7950
    7838
    7968
    7893
    7828
    7766
    7839
    7877
    7988
    7931
    7881
    7868
    7832
    7749
    8039
    7894
    7890
    7768
    7835
    7852
    7858
    7866
    7826
    7891
    7877
    7818
    7905
    7834
    7624
    7840
    7724
    7772
    7760
    7804
    7909
    7804
    7855
    7776
    7922
    7877
    7919
    7881
    7795
    7936
    7956
    7870
    7972
    7917
    7783
    7869
    7838
    7924
    7899
    7833
    7870
    7805
    7877
    7959
    7821
    7784
    7810
    7845
    7819
    7838
    7899
    7767
    7789
    7831
    7826
    7896
    7898
    7872
    7873
    7856
    7831
    7841
    7913
    7836
    7858
    7800
    7816
    7962
    7829
    7766
    7841
    7699
    7794
    7920
    7741
    7802
    7880
    7931
    7848
    7776
    7824
    7811
    7866
    7927
    7818
    7885
    7939
    7862
    7876
    7938
    7864
    7823
    7882
    7854
    7913
    7867
    7802
    7702
    7867
    7870
    7812
    7931
    7887
    7842
    7841
    7873
    7854
    7840
    7804
    7901
    7936
    7933
    7929
    7847
    7837
    7961
    7952
    7904
    7871
    7903
    7714
    7790
    7783
    7875
    7796
    7920
    7894
    7777
    7928
    7841
    7901
    7972
    7986
    7777
    7848
    7870
    7870
    7824
    7718
    7921
    7824
    7810
    7877
    7844
    7828
    7862
    7830
    7896
    7856
    7956
    7980
    7857
    7997
    7995
    7863
    7774
    7873
    7887
    7763
    7905
    7794
    7903
    7870
    7896
    7795
    7850
    7828
    7841
    7776
    7992
    7823
    7867
    7694
    7873
    7867
    7891
    7798
    7856
    7925
    7796
    7972
    7928
    7772
    7816
    7799
    7959
    7836
    7864
    8000
    7842
    7840
    7748
    7868
    7769
    7858
    7947
    7839
    7808
    7870
    7846
    7900
    7847
    7805
    7838
    7928
    7906
    7898
    7871
    7815
    7868
    7826
    7850
    7904
    7838
    7824
    7886
    7880
    7843
    7867
    7916
    7864
    7908
    7740
    7862
    7774
    7863
    7813
    7795
    7901
    7928
    7886
    7921
    7856
    7882
    7775
    7804
    7863
    7883
    7866
    7945
    7926
    7839
    7919
    7789
    7757
    7815
    7917
    7911
    7789
    7766
    7796
    7822
    7812
    7729
    7820
    7868
    7874
    7874
    7851
    7944
    7878
    7866
    7898
    7874
    7831
    7957
    7741
    7828
    7813
    7880
    7880
    7814
    7927
    7837
    7820
    7903
    7866
    7850
    7934
    7797
    7900
    7837
    7927
    7876
    7922
    7800
    7810
    7827
    7967
    7964
    7834
    7828
    7895
    7890
    7969
    7857
    7905
    7856
    7810
    7965
    7871
    7879
    7891
    7892
    7861
    7788
    7784
    7890
    7772
    7896
    7768
    7853
    7943
    7782
    7951
    7917
    7824
    7934
    7819
    7840
    7750
    7759
    7899
    7819
    7863
    7845
    7871
    7772
    7899
    7974
    7835
    7820
    7839
    7883
    7908
    7971
    7734
    7900
    7815
    7809
    7958
    7878
    7930
    7866
    7911
    7898
    7762
    7971
    7872
    7945
    7858
    7825
    7926
    7955
    7897
    7898
    7861
    7871
    7902
    7900
    7822
    7801
    7824
    7854
    7881
    7870
    7844
    7973
    7942
    7823
    7737
    7864
    7843
    7921
    7801
    7808
    7798
    7896
    7811
    7991
    7745
    7852
    7819
    7858
    7914
    7945
    7837
    7891
    7670
    7817
    7835
    7815
    7822
    7781
    7830
    7914
    7826
    7856
    7815
    7811
    7863
    7969
    7787
    7861
    7854
    7955
    7767
    7893
    7759
    7789
    7827
    7856
    7901
    7863
    7852
    7922
    7843
    7867
    7813
    7852
    7869
    7879
    7764
    7877
    7903
    7815
    7927
    7799
    7878
    7989
    7879
    7930
    7848
    8004
    7918
    7906
    7814
    7853
    7953
    7783
    7848
    7754
    7902
    7906
    7962
    7842
    7819
    7941
    7881
    7775
    7742
    7931
    7692
    7795
    8018
    7766
    7836
    7832
    7873
    7856
    7746
    8007
    7971
    7885
    7788
    7831
    7806
    7730
    7824
    7854
    7878
    7927
    7761
    7872
    7914
    7897
    7818
    7898
    7867
    7756
    7900
    7761
    7855
    7832
    7920
    7914
    7858
    7858
    7818
    7772
    7924
    7875
    7851
    7921
    7952
    7831
    7756
    7829
    7953
    8016
    7895
    7913
    7840
    7829
    7907
    7863
    7758
    7904
    7837
    7826
    7964
    7743
    7926
    7818
    7818
    7889
    7812
    7794
    7939
    7785
    7744
    7933
    7841
    7835
    7884
    7838
    7901
    7919
    7879
    7818
    7904
    7840
    7737
    7780
    7907
    7890
    7856
    7893
    7865
    7914
    7880
    7803
    7790
    7932
    7873
    7801
    7795
    7902
    7892
    7859
    7885
    7918
    7891
    7926
    7985
    7838
    7939
    7897
    7916
    7755
    7874
    7892
    7752
    7799
    7950
    7845
    7755
    7883
    7839
    7780
    7854
    7850
    7845
    7909
    7901
    7766
    7934
    7844
    7817
    7888
    7864
    7877
    7849
    7793
    7892
    7805
    7904
    7944
    7810
    7866
    7834
    7834
    7882
    7892
    7972
    7871
    7846
    7877
    8018
    7791
    7816
    7881
    7783
    7971
    7913
    7907
    7913
    7730
    7974
    7882
    7849
    7771
    7757
    7936
    7897
    7825
    7869
    7821
    7830
    7837
    7821
    7836
    7870
    7736
    7890
    7814
    7954
    7890
    7807
    7747
    7740
    7782
    7834
    7900
    7809
    7950
    8011
    7902
    7746
    7940
    7879
    8016
    7899
    7776
    7866
    7859
    7894
    7838
    7845
    7925
    7964
    7906
    7827
    7743
    7813
    7787
    7878
    7908
    7851
    7794
    7879
    7677
    7907
    7776
    7910
    7719
    7691
    7821
    7838
    7847
    7862
    7932
    7785
    7987
    7881
    7956
    7790
    7830
    7861
    7825
    7882
    7872
    7854
    7857
    7908
    7805
    7828
    7916
    7859
    7913
    7835
    7934
    7927
    7851
    7909
    7909
    7935
    7947
    7889
    7748
    7876
    7749
    7851
    7882
    8008
    7855
    7888
    7780
    7860
    7866
    7820
    7794
    7851
    7829
    7905
    7923
    7920
    7795
    7874
    7864
    7705
    7862
    7869
    7706
    7779
    7873
    7868
    7779
    7903
    7849
    7825
    7947
    7928
    7791
    7866
    7825
    7801
    7785
    7731
    7834
    7963
    7841
    7883
    7872
    7790
    7851
    7951
    7821
    7893
    7917
    7851
    7818
    7910
    7874
    7841
    7864
    7815
    7838
    7885
    7892
    7864
    7750
    7906
    7767
    7768
    7984
    7812
    7837
    7915
    7879
    7877
    7868
    7879
    7826
    7915
    7823
    7924
    7813
    7911
    7826
    7892
    7793
    7878
    7838
    7945
    7869
    7870
    7978
    7860
    7847
    7939
    7812
    7829
    7881
    7961
    7887
    7825
    7765
    7832
    7940
    7869
    7903
    7844
    7817
    7820
    7872
    7818
    7905
    7914
    7896
    7802
    7850
    7831
    7797
    7761
    7839
    7945
    7837
    7868
    7854
    7916
    7822
    7753
    7782
    7875
    7754
    7857
    7858
    7853
    7908
    7926
    7834
    7799
    7857
    7795
    7884
    7891
    7924
    7811
    7976
    7901
    7893
    7956
    7698
    7908
    7836
    7915
    7808
    7920
    7911
    7908
    7840
    7843
    7948
    7871
    7760
    7892
    7802
    7836
    7858
    7857
    7829
    7846
    7883
    7851
    7768
    7732
    7785
    7938
    7838
    7961
    7796
    7851
    7820
    7901
    7903
    7930
    7836
    7721
    7905
    7812
    7826
    7807
    7836
    7783
    7779
    7816
    7896
    7903
    7827
    7828
    7900
    7822
    7894
    7902
    7878
    7894
    7883
    7900
    7869
    7784
    7757
    7866
    7889
    7778
    7865
    7762
    7870
    7952
    7790
    7880
    7805
    7927
    7890
    7792
    7791
    7915
    7798
    7926
    7978
    7881
    7858
    7790
    7886
    7867
    7820
    7761
    7908
    7882
    7923
    7935
    7826
    7924
    7894
    7883
    7775
    7900
    7821
    7809
    7868
    7868
    7910
    7912
    7922
    7879
    7881
    7884
    7846
    7973
    7777
    7785
    7875
    7806
    7763
    7905
    7908
    7818
    7826
    7847
    7786
    7954
    7818
    7804
    7810
    7900
    7828
    7935
    7804
    7894
    7784
    7823
    7809
    7903
    7770
    7912
    7865
    7986
    7856
    7906
    7919
    7997
    7762
    7901
    7972
    7853
    7888
    7865
    7832
    7776
    7819
    7892
    7861
    7739
    7865
    7893
    7871
    7884
    7841
    7812
    7934
    7871
    7767
    7750
    7850
    7908
    7772
    7852
    7866
    7869
    7895
    7866
    7898
    7880
    7843
    7945
    7806
    7827
    7888
    7925
    7906
    7786
    7949
    7924
    7726
    7808
    7812
    7875
    7882
    7942
    7823
    7837
    7950
    7853
    7828
    7914
    7893
    7858
    7791
    7878
    7821
    7771
    7873
    7839
    7930
    7890
    7934
    7844
    7834
    7789
    7822
    7777
    7892
    7949
    7838
    7851
    7786
    7781
    7822
    7829
    7836
    7842
    7886
    7841
    7908
    7940
    7856
    7804
    7899
    7898
    7850
    7926
    7839
    7866
    7868
    7900
    7771
    7927
    7895
    7862
    7815
    7804
    7907
    7861
    7887
    7806
    7845
    7818
    7946
    7959
    7924
    7881
    7830
    7889
    7914
    7836
    7760
    7825
    7916
    7831
    7910
    7749
    7870
    7834
    7865
    7878
    7805
    7858
    7808
    7886
    7890
    7806
    7802
    7773
    7804
    7889
    7795
    7778
    7906
    7811
    7795
    7824
    7922
    7878
    7824
    7822
    7870
    7780
    7872
    7845
    7967
    7907
    7888
    7808
    7850
    7804
    7798
    7934
    7789
    7849
    7830
    7765
    7791
    7850
    7868
    7878
    7915
    7773
    7925
    7870
    7780
    7938
    7836
    7907
    7800
    7773
    7784
    7813
    7823
    7907
    7683
    7949
    7953
    7794
    7778
    7908
    7766
    7834
    7863
    7794
    7811
    7825
    7965
    7995
    7825
    7854
    7794
    7936
    7803
    7875
    7925
    7872
    7801
    7938
    7822
    7946
    7891
    7871
    7907
    7765
    7949
    7793
    7836
    7886
    7820
    7838
    7860
    7863
    7860
    7950
    7733
    7836
    7995
    7935
    7779
    7866
    8011
    8021
    7876
    7848
    7894
    7814
    7877
    7821
    7864
    7851
    7851
    7774
    7855
    7800
    7870
    7858
    7918
    7756
    7820
    7898
    7821
    7920
    7744
    7814
    7850
    7929
    7716
    7889
    7836
    7879
    7828
    7925
    7809
    7797
    7964
    7893
    7938
    7850
    7821
    7867
    7926
    7735
    7807
    7904
    7845
    7808
    7762
    7886
    7910
    7839
    7985
    7908
    7924
    7889
    7847
    7867
    7772
    7736
    7857
    7756
    7943
    7927
    7771
    7785
    7870
    7925
    7868
    7880
    7984
    7802
    7886
    7786
    7965
    7928
    7910
    7882
    7803
    7801
    7762
    8020
    7829
    7845
    7823
    7888
    7870
    7921
    7945
    7871
    7780
    7899
    7887
    7864
    7895
    7829
    7795
    7851
    7914
    7861
    7917
    7842
    7866
    7927
    7813
    7851
    7800
    7875
    7754
    7755
    7892
    7783
    8016
    7786
    7834
    7925
    7817
    7849
    7927
    7871
    7787
    7735
    7849
    7788
    7985
    7857
    7823
    7886
    7921
    7776
    7913
    7853
    7804
    7859
    7927
    7913
    7763
    7741
    7787
    8010
    7874
    7944
    7921
    7858
    7922
    7873
    7724
    7826
    7969
    7994
    7827
    7939
    7816
    7835
    7771
    7899
    7933
    7909
    7943
    7831
    7926
    7772
    7914
    7941
    7771
    7901
    7885
    7907
    7860
    7849
    7837
    7810
    7914
    7939
    7982
    7880
    7843
    7913
    7886
    7972
    8021
    7879
    7862
    7882
    7880
    7679
    7851
    7885
    7873
    7748
    7798
    7839
    7890
    7922
    7866
    7921
    7888
    7935
    7759
    7787
    7829
    7811
    7855
    7801
    7822
    7794
    7861
    7895
    7846
    7790
    7837
    7822
    7860
    7843
    7787
    7814
    7984
    7920
    7899
    7820
    7914
    7984
    7735
    7834
    7847
    7740
    7931
    7868
    7822
    7796
    7869
    7776
    7925
    7959
    7841
    7863
    7869
    7836
    7829
    7981
    7772
    7947
    7854
    7804
    7944
    7917
    7844
    7921
    7842
    7826
    7854
    7880
    7919
    7818
    7816
    7798
    7799
    7748
    7933
    7832
    7785
    7941
    7771
    7927
    7851
    7874
    7955
    7798
    7840
    7887
    7899
    7844
    7825
    7934
    7784
    7862
    7752
    7878
    7856
    7785
    7857
    7901
    7821
    7818
    7934
    7886
    7915
    7763
    7836
    7875
    7763
    7808
    7843
    7890
    7944
    7876
    7849
    7930
    7865
    7803
    7830
    7917
    7867
    7966
    7785
    7920
    7778
    7822
    7877
    7769
    7871
    7948
    7807
    7847
    7885
    7822
    7804
    7871
    7796
    7875
    7861
    7816
    7833
    7824
    7902
    7845
    7905
    7878
    7918
    7830
    7849
    7839
    7735
    7839
    7748
    7881
    7936
    7950
    7884
    7843
    7951
    7789
    7712
    7896
    7799
    7868
    7891
    7776
    7945
    7894
    7798
    7822
    7896
    7836
    7865
    7980
    7828
    7757
    7894
    7953
    7857
    7868
    7892
    7868
    7821
    7793
    7888
    7852
    7963
    7743
    7768
    7851
    7701
    7865
    7893
    7816
    7865
    7892
    7764
    7695
    7905
    7811
    7833
    7871
    7848
    7815
    7967
    7829
    7917
    7762
    7873
    7830
    7816
    7899
    7847
    7916
    7859
    7800
    7776
    7891
    7851
    7917
    7850
    7824
    7797
    7882
    7873
    7859
    7933
    7911
    7845
    7867
    7970
    7840
    7903
    7884
    7869
    7880
    7865
    7784
    7787
    7891
    7838
    7885
    7901
    7789
    7884
    7847
    7792
    7831
    7761
    7883
    7857
    7881
    7902
    7844
    7840
    7917
    7820
    7889
    7817
    7858
    7881
    7835
    7993
    7732
    7874
    7849
    7890
    7908
    7877
    7943
    7891
    7794
    8003
    7890
    7830
    7791
    7824
    7893
    7857
    7902
    7814
    7990
    7806
    7824
    7931
    7850
    7841
    7882
    7793
    7868
    7791
    7900
    7964
    7843
    7868
    7735
    7888
    7732
    7835
    7954
    7876
    7789
    7932
    7935
    7891
    7943
    7887
    7846
    7928
    7885
    7865
    7773
    7864
    7873
    7871
    7822
    7790
    7897
    7866
    7907
    7934
    7862
    7922
    7746
    7883
    7802
    7834
    7806
    7874
    7850
    7874
    7905
    7917
    7798
    7933
    7859
    7845
    7746
    7843
    7810
    7891
    7813
    7952
    7844
    7743
    7941
    7863
    7895
    7788
    7741
    7863
    7816
    8003
    7918
    7905
    7905
    7840
    7800
    7888
