    2469
    2451
    2489
    2476
    2505
    2541
    2543
    2516
    2525
    2494
    2586
    2565
    2561
    2484
    2678
    2460
    2444
    2447
    2465
    2436
    2690
    2482
    2478
    2474
    2443
    2528
    2459
    2534
    2454
    2609
    2502
    2555
    2450
    2514
    2500
    2519
    2580
    2557
    2482
    2553
    2490
    2559
    2525
    2559
    2586
    2515
    2521
    2485
    2544
    2549
    2560
    2520
    2439
    2510
    2641
    2482
    2447
    2458
    2526
    2487
    2558
    2526
    2497
    2585
    2514
    2470
    2522
    2474
    2574
    2550
    2476
    2498
    2459
    2579
    2470
    2543
    2439
    2571
    2535
    2516
    2493
    2400
    2529
    2549
    2439
    2476
    2539
    2402
    2436
    2565
    2639
    2433
    2582
    2472
    2503
    2512
    2520
    2539
    2405
    2364
    2427
    2521
    2500
    2489
    2566
    2394
    2433
    2447
    2531
    2543
    2482
    2474
    2545
    2504
    2534
    2582
    2458
    2418
    2516
    2388
    2568
    2567
    2625
    2524
    2563
    2491
    2486
    2455
    2603
    2513
    2448
    2598
    2520
    2412
    2492
    2421
    2423
    2502
    2427
    2495
    2476
    2522
    2455
    2572
    2505
    2546
    2469
    2398
    2479
    2459
    2488
    2447
    2543
    2493
    2435
    2626
    2520
    2500
    2474
    2472
    2501
    2535
    2483
    2529
    2541
    2447
    2500
    2453
    2543
    2577
    2499
    2548
    2546
    2545
    2541
    2421
    2433
    2495
    2504
    2599
    2499
    2417
    2535
    2470
    2550
    2501
    2558
    2533
    2555
    2468
    2426
    2450
    2530
    2437
    2528
    2479
    2588
    2433
    2448
    2542
    2461
    2442
    2442
    2483
    2530
    2516
    2494
    2477
    2545
    2431
    2488
    2525
    2533
    2517
    2483
    2523
    2565
    2471
    2496
    2453
    2484
    2509
    2463
    2483
    2493
    2419
    2453
    2509
    2526
    2449
    2535
    2503
    2460
    2539
    2495
    2634
    2554
    2420
    2536
    2504
    2491
    2569
    2532
    2453
    2509
    2473
    2478
    2465
    2576
    2548
    2554
    2435
    2497
    2488
    2627
    2578
    2474
    2520
    2386
    2502
    2479
    2557
    2524
    2521
    2503
    2500
    2643
    2544
    2470
    2480
    2515
    2512
    2454
    2544
    2517
    2547
    2597
    2592
    2554
    2624
    2622
    2524
    2506
    2545
    2464
    2559
    2449
    2509
    2490
    2534
    2616
    2548
    2475
    2480
    2565
    2515
    2605
    2569
    2413
    2447
    2440
    2510
    2469
    2503
    2542
    2457
    2456
    2508
    2411
    2558
    2421
    2454
    2442
    2559
    2613
    2441
    2530
    2522
    2513
    2499
    2444
    2619
    2547
    2446
    2402
    2420
    2457
    2509
    2550
    2476
    2555
    2504
    2548
    2466
    2523
    2482
    2498
    2576
    2473
    2575
    2633
    2453
    2518
    2526
    2593
    2442
    2513
    2609
    2546
    2471
    2676
    2488
    2476
    2472
    2462
    2459
    2493
    2520
    2482
    2556
    2512
    2506
    2545
    2516
    2472
    2380
    2584
    2538
    2535
    2478
    2516
    2453
    2406
    2491
    2487
    2539
    2507
    2474
    2482
    2433
    2584
    2478
    2488
    2503
    2452
    2514
    2531
    2471
    2476
    2608
    2476
    2492
    2481
    2527
    2521
    2465
    2529
    2404
    2628
    2605
    2576
    2444
    2455
    2502
    2565
    2585
    2513
    2583
    2477
    2568
    2551
    2516
    2499
    2531
    2479
    2483
    2456
    2517
    2474
    2459
    2530
    2523
    2552
    2545
    2483
    2480
    2430
    2606
    2494
    2555
    2498
    2519
    2494
    2500
    2544
    2597
    2552
    2607
    2483
    2410
    2461
    2546
    2539
    2598
    2609
    2504
    2401
    2444
    2517
    2504
    2509
    2473
    2451
    2534
    2544
    2442
    2449
    2517
    2497
    2484
    2576
    2503
    2553
    2587
    2551
    2436
    2421
    2522
    2482
    2477
    2550
    2438
    2516
    2475
    2521
    2512
    2508
    2424
    2427
    2551
    2581
    2478
    2473
    2531
    2535
    2461
    2514
    2441
    2467
    2574
    2522
    2484
    2631
    2559
    2428
    2481
    2559
    2536
    2442
    2468
    2466
    2581
    2450
    2404
    2587
    2544
    2466
    2508
    2462
    2495
    2470
    2551
    2486
    2478
    2415
    2585
    2502
    2428
    2585
    2542
    2436
    2518
    2598
    2616
    2541
    2526
    2525
    2535
    2469
    2501
    2571
    2542
    2434
    2475
    2551
    2426
    2550
    2504
    2478
    2551
    2507
    2548
    2468
    2590
    2563
    2552
    2571
    2524
    2531
    2442
    2489
    2479
    2498
    2547
    2503
    2476
    2483
    2532
    2509
    2490
    2525
    2558
    2502
    2564
    2507
    2452
    2507
    2533
    2534
    2575
    2482
    2554
    2516
    2552
    2519
    2487
    2618
    2527
    2510
    2546
    2517
    2489
    2454
    2544
    2402
    2466
    2541
    2516
    2449
    2531
    2526
    2413
    2533
    2522
    2546
    2469
    2490
    2515
    2528
    2499
    2531
    2531
    2526
    2468
    2590
    2531
    2482
    2526
    2486
    2505
    2462
    2465
    2509
    2522
    2556
    2449
    2478
    2479
    2424
    2569
    2512
    2445
    2500
    2496
    2574
    2515
    2456
    2554
    2529
    2466
    2614
    2590
    2424
    2502
    2501
    2476
    2616
    2584
    2450
    2561
    2635
    2549
    2504
    2484
    2542
    2495
    2511
    2574
    2522
    2408
    2491
    2581
    2510
    2508
    2530
    2493
    2626
    2585
    2500
    2567
    2506
    2457
    2435
    2506
    2498
    2463
    2456
    2526
    2539
    2557
    2537
    2435
    2469
    2463
    2576
    2614
    2568
    2409
    2521
    2482
    2518
    2481
    2503
    2510
    2482
    2537
    2505
    2498
    2450
    2456
    2489
    2511
    2441
    2574
    2511
    2529
    2449
    2566
    2544
    2531
    2456
    2539
    2615
    2531
    2489
    2454
    2461
    2481
    2494
    2450
    2672
    2453
    2493
    2543
    2557
    2486
    2408
    2519
    2496
    2496
    2620
    2510
    2525
    2499
    2468
    2583
    2488
    2406
    2489
    2482
    2608
    2442
    2581
    2533
    2487
    2495
    2426
    2486
    2497
    2555
    2504
    2570
    2484
    2496
    2524
    2555
    2477
    2629
    2540
    2485
    2553
    2609
    2568
    2598
    2622
    2504
    2507
    2533
    2536
    2564
    2626
    2483
    2512
    2608
    2504
    2505
    2490
    2608
    2414
    2404
    2541
    2522
    2462
    2533
    2473
    2529
    2498
    2389
    2510
    2489
    2433
    2546
    2553
    2346
    2475
    2570
    2476
    2510
    2439
    2485
    2477
    2523
    2443
    2527
    2548
    2473
    2617
    2524
    2534
    2448
    2545
    2523
    2534
    2504
    2604
    2460
    2582
    2569
    2445
    2602
    2449
    2506
    2540
    2410
    2459
    2516
    2498
    2606
    2496
    2482
    2512
    2603
    2488
    2558
    2495
    2473
    2518
    2472
    2540
    2481
    2433
    2463
    2498
    2409
    2467
    2577
    2526
    2549
    2570
    2534
    2474
    2567
    2497
    2518
    2465
    2557
    2522
    2446
    2496
    2392
    2570
    2610
    2415
    2529
    2541
    2545
    2532
    2533
    2472
    2531
    2451
    2599
    2516
    2568
    2570
    2567
    2510
    2439
    2517
    2591
    2521
    2457
    2366
    2552
    2563
    2477
    2504
    2374
    2564
    2520
    2566
    2405
    2419
    2485
    2463
    2542
    2365
    2513
    2538
    2469
    2479
    2456
    2372
    2608
    2464
    2561
    2470
    2468
    2471
    2538
    2542
    2410
    2492
    2507
    2469
    2516
    2434
    2564
    2565
    2381
    2513
    2605
    2560
    2466
    2593
    2518
    2492
    2497
    2524
    2486
    2494
    2457
    2552
    2586
    2441
    2442
    2524
    2472
    2518
    2574
    2455
    2438
    2536
    2555
    2501
    2442
    2463
    2500
    2485
    2491
    2440
    2526
    2470
    2571
    2534
    2567
    2505
    2587
    2530
    2549
    2571
    2531
    2485
    2514
    2563
    2451
    2553
    2563
    2498
    2588
    2515
    2495
    2426
    2438
    2536
    2451
    2474
    2446
    2545
    2528
    2571
    2584
    2389
    2409
    2446
    2575
    2468
    2486
    2481
    2595
    2489
    2461
    2481
    2567
    2579
    2559
    2462
    2525
    2415
    2428
    2484
    2519
    2505
    2557
    2500
    2445
    2540
    2459
    2582
    2414
    2405
    2527
    2468
    2471
    2587
    2523
    2471
    2483
    2466
    2462
    2539
    2485
    2527
    2569
    2520
    2564
    2347
    2547
    2464
    2521
    2569
    2509
    2569
    2485
    2543
    2464
    2508
    2581
    2563
    2572
    2451
    2575
    2534
    2553
    2510
    2405
    2450
    2527
    2482
    2489
    2545
    2537
    2513
    2441
    2409
    2531
    2425
    2490
    2402
    2584
    2443
    2453
    2569
    2462
    2472
    2393
    2577
    2496
    2541
    2568
    2482
    2568
    2469
    2458
    2488
    2465
    2541
    2476
    2528
    2506
    2483
    2514
    2426
    2563
    2516
    2535
    2466
    2493
    2477
    2501
    2456
    2521
    2558
    2558
    2515
    2591
    2461
    2559
    2559
    2486
    2552
    2428
    2457
    2524
    2529
    2399
    2474
    2522
    2494
    2452
    2387
    2424
    2527
    2516
    2512
    2496
    2486
    2470
    2481
    2489
    2531
    2592
    2529
    2585
    2439
    2551
    2512
    2425
    2501
    2515
    2566
    2541
    2530
    2547
    2588
    2551
    2618
    2526
    2485
    2403
    2515
    2501
    2533
    2458
    2555
    2505
    2561
    2615
    2420
    2542
    2537
    2568
    2464
    2524
    2436
    2567
    2474
    2504
    2506
    2470
    2436
    2558
    2501
    2511
    2444
    2544
    2458
    2494
    2570
    2466
    2558
    2574
    2536
    2593
    2602
    2463
    2479
    2497
    2519
    2511
    2450
    2398
    2514
    2639
    2450
    2509
    2532
    2438
    2470
    2483
    2449
    2450
    2511
    2519
    2493
    2466
    2545
    2506
    2504
    2501
    2427
    2505
    2491
    2537
    2522
    2595
    2412
    2528
    2529
    2492
    2589
    2462
    2360
    2482
    2556
    2488
    2488
    2383
    2562
    2492
    2480
    2501
    2581
    2525
    2527
    2523
    2476
    2595
    2494
    2508
    2547
    2539
    2417
    2493
    2443
    2526
    2521
    2447
    2497
    2480
    2555
    2516
    2603
    2465
    2507
    2489
    2611
    2478
    2493
    2454
    2499
    2427
    2421
    2486
    2483
    2544
    2581
    2511
    2542
    2524
    2499
    2501
    2450
    2557
    2450
    2510
    2465
    2500
    2617
    2543
    2451
    2536
    2467
    2446
    2429
    2495
    2553
    2540
    2442
    2461
    2505
    2453
    2388
    2442
    2540
    2488
    2550
    2480
    2560
    2558
    2486
    2521
    2385
    2458
    2548
    2409
    2469
    2391
    2482
    2541
    2574
    2547
    2564
    2557
    2484
    2488
    2438
    2511
    2537
    2525
    2467
    2396
    2453
    2470
    2533
    2467
    2536
    2491
    2554
    2497
    2453
    2529
    2473
    2577
    2500
    2517
    2479
    2501
    2437
    2504
    2449
    2574
    2398
    2636
    2570
    2489
    2519
    2475
    2473
    2518
    2452
    2419
    2587
    2410
    2545
    2546
    2498
    2553
    2536
    2552
    2466
    2441
    2478
    2444
    2451
    2569
    2551
    2464
    2581
    2533
    2525
    2445
    2447
    2558
    2423
    2522
    2528
    2459
    2495
    2374
    2481
    2602
    2580
    2470
    2463
    2572
    2462
    2542
    2486
    2415
    2466
    2587
    2510
    2526
    2529
    2524
    2355
    2448
    2479
    2546
    2492
    2563
    2527
    2513
    2531
    2500
    2542
    2497
    2574
    2423
    2522
    2575
    2444
    2378
    2539
    2542
    2494
    2555
    2518
    2525
    2600
    2384
    2543
    2506
    2456
    2496
    2497
    2529
    2551
    2568
    2587
    2549
    2500
    2564
    2546
    2530
    2578
    2482
    2526
    2553
    2513
    2482
    2530
    2580
    2470
    2389
    2493
    2438
    2530
    2525
    2475
    2434
    2408
    2550
    2424
    2538
    2425
    2568
    2370
    2499
    2500
    2521
    2597
    2523
    2488
    2510
    2469
    2450
    2533
    2519
    2518
    2552
    2594
    2555
    2442
    2536
    2493
    2602
    2562
    2566
    2559
    2638
    2501
    2454
    2464
    2477
    2520
    2409
    2502
    2505
    2511
    2483
    2612
    2428
    2547
    2545
    2543
    2557
    2536
    2499
    2512
    2464
    2563
    2522
    2412
    2520
    2565
    2478
    2554
    2476
    2612
    2476
    2480
    2497
    2504
    2546
    2544
    2497
    2548
    2585
    2465
    2463
    2493
    2571
    2442
    2406
    2437
    2459
    2395
    2535
    2543
    2511
    2574
    2407
    2538
    2527
    2437
    2552
    2532
    2489
    2463
    2510
    2570
    2436
    2530
    2566
    2543
    2447
    2498
    2576
    2590
    2496
    2555
    2533
    2510
    2426
    2482
    2531
    2519
    2477
    2496
    2467
    2474
    2402
    2494
    2489
    2466
    2519
    2414
    2564
    2497
    2550
    2485
    2548
    2511
    2513
    2526
    2430
    2630
    2553
    2514
    2595
    2460
    2538
    2507
    2466
    2537
    2549
    2448
    2585
    2487
    2572
    2535
    2510
    2542
    2581
    2518
    2497
    2573
    2429
    2550
    2474
    2410
    2591
    2559
    2455
    2485
    2464
    2435
    2520
    2535
    2496
    2563
    2520
    2482
    2495
    2592
    2521
    2495
    2494
    2516
    2470
    2600
    2455
    2515
    2464
    2452
    2566
    2565
    2511
    2565
    2580
    2526
    2531
    2524
    2455
    2555
    2552
    2475
    2387
    2483
    2533
    2439
    2458
    2600
    2446
    2444
    2446
    2423
    2461
    2454
    2560
    2497
    2552
    2459
    2528
    2421
    2434
    2538
    2497
    2540
    2577
    2612
    2439
    2568
    2480
    2514
    2608
    2562
    2409
    2483
    2426
    2447
    2473
    2539
    2480
    2518
    2572
    2557
    2500
    2481
    2472
    2448
    2479
    2571
    2499
    2436
    2457
    2590
    2493
    2560
    2519
    2585
    2514
    2437
    2543
    2483
    2457
    2536
    2484
    2388
    2375
    2441
    2540
    2568
    2418
    2541
    2571
    2525
    2487
    2406
    2513
    2513
    2438
    2446
    2535
    2446
    2560
    2529
    2495
    2539
    2466
    2518
    2480
    2527
    2594
    2436
    2553
    2468
    2522
    2528
    2557
    2483
    2514
    2382
    2500
    2511
    2414
    2522
    2477
    2524
    2551
    2511
    2549
    2503
    2543
    2549
    2481
    2476
    2482
    2540
    2555
    2543
    2471
    2607
    2434
    2530
    2522
    2542
    2518
    2580
    2485
    2515
    2412
    2569
    2517
    2556
    2561
    2479
    2454
    2511
    2530
    2532
    2518
    2544
    2595
    2595
    2481
    2453
    2449
    2456
    2505
    2518
    2494
    2487
    2596
    2504
    2361
    2594
    2408
    2588
    2505
    2578
    2592
    2458
    2472
    2442
    2494
    2417
    2414
    2505
    2491
    2465
    2548
    2561
    2605
    2590
    2559
    2588
    2530
    2491
    2530
    2504
    2521
    2674
    2559
    2501
    2457
    2515
    2547
    2462
    2482
    2564
    2476
    2458
    2471
    2434
    2589
    2478
    2556
    2509
    2539
    2493
    2586
    2513
    2524
    2518
    2558
    2545
    2412
    2506
    2531
    2514
    2558
    2592
    2595
    2590
    2552
    2508
    2507
    2610
    2567
    2600
    2574
    2364
    2524
    2502
    2575
    2570
    2456
    2534
    2471
    2407
    2605
    2362
    2458
    2443
    2406
    2591
    2526
    2491
    2507
    2500
    2433
    2451
    2536
    2548
    2469
    2530
    2451
    2512
    2461
    2535
    2459
    2551
    2567
    2383
    2577
    2577
    2514
    2504
    2466
    2432
    2508
    2574
    2624
    2424
    2541
    2474
    2594
    2459
    2424
    2502
    2550
    2410
    2406
    2485
    2649
    2477
    2495
    2524
    2532
    2430
    2410
    2454
    2508
    2515
    2448
    2443
    2488
    2568
    2539
    2507
    2575
    2535
    2584
    2588
    2484
    2484
    2520
    2526
    2561
    2478
    2505
    2490
    2517
    2439
    2454
    2427
    2591
    2434
    2711
    2468
    2491
    2506
    2516
    2548
    2490
    2497
    2475
    2415
    2540
    2578
    2559
    2478
    2554
    2466
    2468
    2531
    2418
    2495
    2416
    2475
    2463
    2511
    2570
    2579
    2437
    2501
    2478
    2463
    2514
    2530
    2563
    2512
    2485
    2491
    2493
    2355
    2539
    2616
    2526
    2447
    2603
    2438
    2531
    2510
    2441
    2542
    2521
    2491
    2474
    2543
    2535
    2498
    2543
    2457
    2511
    2484
    2512
    2501
    2558
    2443
    2507
    2447
    2635
    2445
    2505
    2504
    2506
    2476
    2595
    2508
    2369
    2500
    2524
    2588
    2519
    2550
    2559
    2650
    2474
    2509
    2526
    2436
    2449
    2561
    2453
    2622
    2425
    2465
    2483
    2365
    2549
    2515
    2403
    2508
    2516
    2533
    2483
    2478
    2571
    2525
    2542
    2601
    2463
    2522
    2545
    2546
    2551
    2462
    2562
    2437
    2390
    2535
    2454
    2530
    2419
    2587
    2562
    2465
    2499
    2556
    2549
    2513
    2591
    2467
    2467
    2520
    2476
    2484
    2551
    2534
    2495
    2463
    2423
    2452
    2536
    2556
    2478
    2452
    2510
    2518
    2486
    2442
    2553
    2540
    2577
    2499
    2538
    2437
    2427
    2406
    2490
    2537
    2513
    2497
    2552
    2484
    2556
    2493
    2465
    2550
    2502
    2579
    2522
    2579
    2486
    2604
    2520
    2486
    2521
    2543
    2668
    2510
    2505
    2466
    2488
    2414
    2573
    2538
    2544
    2530
    2494
    2522
    2581
    2483
    2550
    2476
    2532
    2507
    2505
    2531
    2503
    2495
    2588
    2518
    2481
    2382
    2596
    2498
    2466
    2455
    2481
    2519
    2506
    2467
    2451
    2476
    2510
    2513
    2450
    2480
    2537
    2524
    2469
    2481
    2534
    2466
    2606
    2549
    2485
    2509
    2558
    2505
    2502
    2507
    2451
    2487
    2504
    2615
    2526
    2539
    2544
    2496
    2447
    2556
    2430
    2425
    2470
    2390
    2641
    2524
    2499
    2374
    2513
    2535
    2558
    2536
    2366
    2583
    2494
    2525
    2486
    2423
    2464
    2565
    2540
    2526
    2500
    2476
    2519
    2470
    2514
    2530
    2592
    2515
    2459
    2460
    2510
    2594
    2492
    2452
    2488
    2460
    2565
    2581
    2503
    2522
    2660
    2499
    2576
    2477
    2516
    2565
    2498
    2466
    2455
    2544
    2504
    2455
    2461
    2460
    2503
    2509
    2509
    2415
    2473
    2472
    2524
    2568
    2525
    2446
    2530
    2561
    2430
    2557
    2532
    2433
    2506
    2497
    2432
    2567
    2525
    2458
    2499
    2458
    2471
    2579
    2555
    2489
    2524
    2552
    2652
    2653
    2492
    2580
    2557
    2512
    2421
    2544
    2460
    2540
    2473
    2521
    2490
    2526
    2509
    2562
    2470
    2527
    2469
    2418
    2435
    2591
    2476
    2592
    2478
    2457
    2604
    2589
    2541
    2520
    2577
    2550
    2534
    2497
    2540
    2488
    2485
    2533
    2580
    2529
    2514
    2539
    2405
    2529
    2461
    2525
    2430
    2495
    2524
    2541
    2553
    2505
    2540
    2488
    2588
    2546
    2446
    2530
    2445
    2466
    2450
    2484
    2538
    2552
    2460
    2477
    2332
    2524
    2534
    2550
    2577
    2488
    2523
    2470
    2460
    2606
    2543
    2556
    2587
    2471
    2513
    2543
    2503
    2497
    2458
    2525
    2504
    2490
    2603
    2544
    2484
    2443
    2514
    2496
    2541
    2466
    2515
    2604
    2469
    2456
    2479
    2481
    2464
    2526
    2505
    2495
    2602
    2499
    2513
    2488
    2503
    2529
    2467
    2597
    2554
    2522
    2358
    2468
    2492
    2453
    2540
    2594
    2524
    2509
    2443
    2510
    2477
    2568
    2513
    2518
    2524
    2473
    2556
    2598
    2565
    2490
    2575
    2541
    2287
    2553
    2432
    2469
    2495
    2463
    2594
    2540
    2549
    2541
    2463
    2484
    2491
    2547
    2446
    2501
    2475
    2493
    2486
    2462
    2497
    2505
    2447
    2484
    2511
    2615
    2494
    2525
    2502
    2475
    2508
    2398
    2488
    2592
    2436
    2397
    2488
    2483
    2520
    2432
    2520
    2541
    2560
    2508
    2439
    2572
    2501
    2503
    2468
    2503
    2572
    2494
    2570
    2605
    2508
    2326
    2609
    2561
    2534
    2611
    2558
    2514
    2548
    2579
    2484
    2518
    2523
    2550
    2578
    2496
    2502
    2630
    2458
    2547
    2471
    2453
    2569
    2465
    2465
    2459
    2554
    2549
    2504
    2473
    2563
    2534
    2489
    2511
    2500
    2582
    2540
    2601
    2511
    2549
    2434
    2466
    2520
    2506
    2485
    2402
    2533
    2503
    2550
    2636
    2472
    2509
    2497
    2541
    2534
    2623
    2407
    2452
    2447
    2531
    2634
    2468
    2468
    2553
    2614
    2435
    2575
    2503
    2494
    2457
    2539
    2503
    2526
    2562
    2558
    2410
    2494
    2560
    2517
    2489
    2446
    2517
    2451
    2504
    2469
    2526
    2460
    2481
    2491
    2563
    2542
    2577
    2440
    2488
    2505
    2430
    2531
    2469
    2470
    2584
    2533
    2536
    2527
    2553
    2506
    2432
    2479
    2533
    2477
    2513
    2495
    2529
    2562
    2583
    2514
    2528
    2467
    2609
    2513
    2502
    2545
    2499
    2468
    2540
    2442
    2488
    2490
    2520
    2660
    2468
    2512
    2523
    2458
    2554
    2424
    2555
    2557
    2373
    2600
    2496
    2559
    2571
    2554
    2377
    2512
    2621
    2459
    2506
    2432
    2522
    2543
    2487
    2585
    2534
    2469
    2446
    2587
    2490
    2494
    2492
    2549
    2550
    2465
    2440
    2472
    2546
    2480
    2457
    2501
    2485
    2497
    2412
    2550
    2475
    2454
    2473
    2570
    2507
    2573
    2544
    2526
    2502
    2424
    2518
    2447
    2474
    2627
    2614
    2514
    2522
    2565
    2446
    2507
    2506
    2537
    2407
    2546
    2472
    2560
    2529
    2541
    2494
    2547
    2524
    2515
    2550
    2467
    2515
    2505
    2529
    2556
    2441
    2495
    2545
    2511
    2474
    2461
    2599
    2604
    2497
    2468
    2565
    2645
    2583
    2464
    2472
    2479
    2500
    2532
    2467
    2541
    2562
    2604
    2552
    2590
    2517
    2539
    2440
    2506
    2530
    2561
    2536
    2493
    2557
    2404
    2562
    2459
    2458
    2566
    2498
    2641
    2517
    2559
    2567
    2574
    2570
    2455
    2474
    2474
    2393
    2472
    2474
    2525
    2497
    2538
    2468
    2546
    2421
    2499
    2438
    2506
    2563
    2574
    2450
    2502
    2494
    2453
    2465
    2442
    2542
    2378
    2487
    2515
    2572
    2386
    2552
    2380
    2525
    2464
    2502
    2586
    2451
    2420
    2584
    2557
    2608
    2437
    2530
    2533
    2461
    2444
    2471
    2499
    2467
    2567
    2471
    2488
    2426
    2534
    2506
    2521
    2517
    2515
    2574
    2511
    2571
    2516
    2532
    2572
    2507
    2533
    2585
    2519
    2514
    2475
    2507
    2416
    2563
    2530
    2486
    2479
    2494
    2483
    2508
    2441
    2356
    2581
    2546
    2516
    2563
    2418
    2443
    2410
    2508
    2454
    2538
    2551
    2522
    2530
    2451
    2550
    2539
    2633
    2514
    2475
    2589
    2554
    2443
    2591
    2464
    2469
    2449
    2444
    2579
    2580
    2563
    2560
    2507
    2470
    2573
    2553
    2545
    2487
    2546
    2487
    2553
    2583
    2539
    2574
    2541
    2507
    2440
    2501
    2587
    2490
    2453
    2558
    2573
    2522
    2429
    2564
    2608
    2585
    2479
    2501
    2538
    2619
    2494
    2544
    2478
    2551
    2540
    2509
    2519
    2601
    2527
    2498
    2545
    2522
    2462
    2498
    2580
    2400
    2498
    2468
    2550
    2471
    2462
    2473
    2458
    2561
    2536
    2502
    2436
    2499
    2554
    2556
    2581
    2566
    2470
    2522
    2474
    2460
    2485
    2507
    2519
    2429
    2471
    2557
    2542
    2581
    2498
    2498
    2561
    2524
    2473
    2447
    2409
    2561
    2447
    2487
    2514
    2507
    2436
    2553
    2503
    2464
    2541
    2579
    2408
    2507
    2483
    2510
    2485
    2437
    2510
    2584
    2447
    2559
    2547
    2557
    2486
    2501
    2456
    2500
    2496
    2398
    2551
    2485
    2484
    2562
    2677
    2539
    2487
    2445
    2469
    2637
    2555
    2489
    2511
    2525
    2582
    2509
    2540
    2477
    2463
    2468
    2607
    2505
    2409
    2469
    2555
    2577
    2490
    2502
    2474
    2482
    2580
    2481
    2571
    2463
    2547
    2587
    2401
    2506
    2535
    2453
    2499
    2533
    2496
    2543
    2467
    2534
    2466
    2584
    2426
    2528
    2499
    2639
    2603
    2563
    2484
    2496
    2542
    2472
    2602
    2437
    2529
    2529
    2546
    2435
    2572
    2458
    2566
    2496
    2479
    2451
    2415
    2491
    2522
    2384
    2451
    2501
    2552
    2610
    2489
    2518
    2466
    2366
    2413
    2420
    2479
    2480
    2472
    2499
    2423
    2611
    2495
    2463
    2573
    2503
    2499
    2511
    2380
    2467
    2449
    2530
    2613
    2528
    2482
    2552
    2566
    2566
    2536
    2477
    2536
    2563
    2572
    2517
    2571
    2535
    2484
    2528
    2519
    2503
    2562
    2509
    2421
    2450
    2519
    2495
    2594
    2438
    2531
    2478
    2538
    2547
    2397
    2467
    2489
    2513
    2529
    2523
    2554
    2565
    2545
    2506
    2552
    2590
    2426
    2498
    2487
    2445
    2524
    2442
    2596
    2490
    2454
    2489
    2528
    2495
    2563
    2475
    2486
    2473
    2506
    2402
    2587
    2495
    2517
    2511
    2391
    2560
    2538
    2432
    2543
    2453
    2465
    2501
    2455
    2401
    2467
    2669
    2490
    2508
    2515
    2642
    2582
    2447
    2609
    2550
    2651
    2513
    2471
    2502
    2534
    2583
    2465
    2516
    2458
    2504
    2511
    2577
    2411
    2499
    2438
    2486
    2482
    2521
    2466
    2625
    2556
    2497
    2500
    2526
    2497
    2504
    2446
    2517
    2470
    2458
    2556
    2480
    2457
    2527
    2505
    2476
    2449
    2475
    2539
    2508
    2539
    2572
    2529
    2478
    2468
    2563
    2446
    2586
    2475
    2499
    2401
    2491
    2637
    2514
    2503
    2490
    2488
    2596
    2459
    2462
    2504
    2432
    2473
    2517
    2518
    2535
    2435
    2643
    2436
    2513
    2451
    2443
    2424
    2537
    2463
    2505
    2551
    2516
    2505
    2519
    2522
    2484
    2531
    2470
    2577
    2546
    2505
    2482
    2514
    2526
    2557
    2506
    2457
    2483
    2500
    2533
    2540
    2498
    2447
    2505
    2526
    2545
    2498
    2451
    2565
    2557
    2470
    2470
    2577
    2592
    2566
    2587
    2498
    2573
    2554
    2456
    2558
    2598
    2572
    2501
    2593
    2546
    2490
    2520
    2563
    2528
    2492
    2637
    2518
    2451
    2465
    2555
    2560
    2546
    2518
    2542
    2459
    2503
    2455
    2506
    2539
    2527
    2456
    2500
    2489
    2568
    2470
    2495
    2428
    2559
    2508
    2459
    2577
    2412
    2493
    2499
    2480
    2519
    2495
    2386
    2470
    2492
    2562
    2499
    2560
    2434
    2577
    2509
    2582
    2501
    2564
    2564
    2503
    2633
    2677
    2514
    2518
    2634
    2454
    2521
    2594
    2498
    2538
    2539
    2561
    2575
    2459
    2427
    2592
    2500
    2549
    2529
    2500
    2543
    2497
    2464
    2559
    2502
    2514
    2586
    2551
    2443
    2501
    2380
    2611
    2482
    2499
    2462
    2443
    2455
    2436
    2500
    2430
    2512
    2521
    2508
    2485
    2603
    2493
    2447
    2529
    2508
    2557
    2476
    2387
    2563
    2442
    2477
    2382
    2484
    2550
    2484
    2494
    2511
    2408
    2508
    2516
    2561
    2527
    2575
    2598
    2541
    2532
    2512
    2457
    2545
    2494
    2541
    2555
    2456
    2429
    2452
    2542
    2559
    2593
    2485
    2515
    2576
    2445
    2467
    2497
    2572
    2540
    2424
    2463
    2429
    2437
    2621
    2398
    2533
    2568
    2513
    2587
    2551
    2534
    2536
    2433
    2436
    2553
    2465
    2588
    2501
    2476
    2588
    2549
    2489
    2570
    2545
    2556
    2421
    2551
    2507
    2537
    2496
    2523
    2568
    2514
    2492
    2489
    2601
    2497
    2465
    2580
    2454
    2468
    2433
    2457
    2439
    2556
    2577
    2512
    2399
    2439
    2524
    2431
    2551
    2476
    2463
    2485
    2484
    2491
    2549
    2559
    2427
    2584
    2544
    2520
    2601
    2458
    2537
    2578
    2504
    2335
    2433
    2523
    2525
    2530
    2544
    2519
    2582
    2496
    2405
    2528
    2460
    2475
    2609
    2527
    2570
    2505
    2455
    2583
    2480
    2533
    2549
    2592
    2438
    2450
    2529
    2519
    2571
    2503
    2507
    2496
    2562
    2590
    2520
    2544
    2445
    2526
    2421
    2546
    2491
    2581
    2555
    2554
    2568
    2519
    2568
    2540
    2560
    2435
    2525
    2458
    2447
    2543
    2471
    2535
    2538
    2491
    2517
    2544
    2496
    2570
    2478
    2519
    2553
    2419
    2495
    2639
    2550
    2493
    2552
    2416
    2528
    2393
    2440
    2444
    2508
    2431
    2586
    2500
    2500
    2487
    2483
    2574
    2540
    2486
    2569
    2450
    2564
    2521
    2526
    2549
    2494
    2526
    2516
    2529
    2398
    2569
    2543
    2486
    2579
    2458
    2343
    2450
    2583
    2621
    2509
    2665
    2613
    2481
    2466
    2446
    2494
    2516
    2548
    2516
    2518
    2489
    2554
    2479
    2533
    2625
    2530
    2598
    2514
    2488
    2462
    2494
    2489
    2554
    2491
    2556
    2511
    2512
    2524
    2466
    2481
    2509
    2582
    2561
    2570
    2507
    2609
    2588
    2575
    2466
    2457
    2542
    2512
    2496
    2498
    2428
    2583
    2410
    2479
    2475
    2455
    2509
    2481
    2459
    2415
    2459
    2460
    2497
    2480
    2541
    2504
    2458
    2538
    2521
    2441
    2467
    2478
    2501
    2520
    2552
    2502
    2470
    2455
    2459
    2411
    2512
    2519
    2400
    2415
    2579
    2519
    2535
    2475
    2410
    2446
    2532
    2528
    2519
    2576
    2471
    2550
    2489
    2507
    2527
    2571
    2468
    2515
    2426
    2477
    2554
    2431
    2532
    2458
    2566
    2506
    2409
    2449
    2540
    2459
    2469
    2466
    2375
    2435
    2413
    2494
    2560
    2539
    2526
    2526
    2502
    2507
    2503
    2534
    2447
    2577
    2535
    2505
    2539
    2490
    2487
    2472
    2452
    2478
    2579
    2336
    2500
    2596
    2514
    2520
    2545
    2559
    2510
    2560
    2561
    2460
    2612
    2549
    2491
    2524
    2481
    2558
    2557
    2458
    2559
    2471
    2506
    2511
    2584
    2511
    2472
    2510
    2530
    2513
    2540
    2477
    2560
    2443
    2451
    2567
    2520
    2522
    2515
    2552
    2493
    2481
    2439
    2526
    2440
    2512
    2455
    2559
    2537
    2553
    2511
    2498
    2418
    2512
    2463
    2545
    2590
    2547
    2435
    2558
    2444
    2529
    2513
    2522
    2524
    2552
    2463
    2605
    2518
    2478
    2542
    2498
    2537
    2460
    2565
    2552
    2529
    2538
    2509
    2539
    2577
    2588
    2491
    2492
    2589
    2568
    2617
    2441
    2532
    2480
    2595
    2608
    2602
    2522
    2594
    2565
    2547
    2596
    2540
    2515
    2522
    2592
    2459
    2417
    2471
    2467
    2505
    2546
    2455
    2480
    2593
    2428
    2319
    2540
    2549
    2469
    2510
    2639
    2510
    2446
    2491
    2575
    2403
    2470
    2542
    2540
    2423
    2540
    2405
    2448
    2572
    2517
    2507
    2459
    2461
    2518
    2452
    2369
    2552
    2533
    2473
    2507
    2508
    2549
    2459
    2542
    2600
    2471
    2592
    2494
    2457
    2633
    2497
    2524
    2545
    2542
    2570
    2576
    2445
    2557
    2481
    2525
    2619
    2560
    2549
    2566
    2485
    2533
    2529
    2527
    2558
    2512
    2560
    2461
    2627
    2503
    2370
    2569
    2569
    2487
    2545
    2497
    2591
    2552
    2451
    2414
    2463
    2543
    2510
    2533
    2480
    2565
    2564
    2463
    2513
    2479
    2495
    2475
    2544
    2516
    2446
    2519
    2510
    2474
    2438
    2536
    2480
    2479
    2592
    2561
    2375
    2378
    2472
    2546
    2526
    2599
    2508
    2509
    2435
    2495
    2488
    2463
    2542
    2599
    2490
    2447
    2524
    2486
    2533
    2420
    2541
    2387
    2460
    2532
    2519
    2490
    2468
    2479
    2574
    2492
    2524
    2497
    2528
    2585
    2429
    2470
    2437
    2498
    2560
    2474
    2437
    2464
    2610
    2528
    2538
    2548
    2634
    2501
    2516
    2414
    2509
    2523
    2446
    2429
    2482
    2553
    2466
    2540
    2485
    2645
    2540
    2497
    2548
    2449
    2540
    2435
    2628
    2457
    2453
    2595
    2521
    2475
    2443
    2541
    2458
    2539
    2518
    2524
    2521
    2503
    2643
    2560
    2556
    2552
    2437
    2580
    2536
    2541
    2521
    2641
    2391
    2592
    2499
    2444
    2513
    2489
    2584
    2457
    2490
    2510
    2427
    2495
    2506
    2549
    2610
    2468
    2516
    2383
    2507
    2453
    2579
    2574
    2418
    2510
    2445
    2509
    2470
    2425
    2468
    2540
    2506
    2546
    2503
    2556
    2491
    2517
    2495
    2441
    2633
    2598
    2573
    2530
    2597
    2504
    2623
    2558
    2464
    2505
    2522
    2473
    2354
    2483
    2585
    2555
    2580
    2535
    2511
    2509
    2510
    2540
    2588
    2463
    2529
    2443
    2573
    2430
    2520
    2518
    2469
    2463
    2539
    2501
    2425
    2551
    2528
    2535
    2455
    2554
    2458
    2524
    2469
    2497
    2501
    2488
    2562
    2425
    2515
    2562
    2600
    2473
    2547
    2505
    2514
    2479
    2547
    2635
    2553
    2529
    2466
    2487
    2513
    2561
    2461
    2518
    2561
    2530
    2502
    2568
    2559
    2540
    2498
    2523
    2513
    2509
    2515
    2502
    2503
    2483
    2496
    2497
    2630
    2509
    2495
    2508
    2506
    2453
    2543
    2481
    2499
    2492
    2653
    2459
    2541
    2495
    2473
    2487
    2499
    2424
    2501
    2540
    2459
    2581
    2487
    2562
    2480
    2534
    2500
    2568
    2522
    2506
    2516
    2491
    2450
    2520
    2494
    2434
    2512
    2482
    2526
    2454
    2496
    2484
    2488
    2573
    2508
    2505
    2493
    2374
    2497
    2447
    2506
    2520
    2549
    2509
    2540
    2471
    2417
    2475
    2427
    2437
    2554
    2477
    2458
    2567
    2600
    2533
    2627
    2467
    2453
    2442
    2465
    2557
    2505
    2457
    2504
    2535
    2477
    2573
    2438
    2515
    2510
    2487
    2620
    2490
    2532
    2474
    2479
    2436
    2391
    2476
    2500
    2471
    2583
    2508
    2436
    2550
    2515
    2565
    2499
    2432
    2542
    2521
    2531
    2433
    2432
    2484
    2435
    2603
    2472
    2628
    2546
    2459
    2460
    2525
    2480
    2444
    2424
    2471
    2495
    2334
    2503
    2538
    2507
    2595
    2553
    2551
    2565
    2549
    2516
    2460
    2567
    2507
    2514
    2503
    2528
    2540
    2493
    2496
    2490
    2503
    2571
    2552
    2568
    2476
    2502
    2450
    2549
    2631
    2552
    2480
    2582
    2420
    2488
    2481
    2488
    2475
    2566
    2532
    2491
    2371
    2456
    2490
    2466
    2587
    2458
    2529
    2482
    2501
    2525
    2449
    2624
    2452
    2479
    2562
    2490
    2546
    2457
    2531
    2522
    2520
    2548
    2532
    2429
    2512
    2485
    2559
    2571
    2481
    2493
    2453
    2461
    2452
    2479
    2485
    2525
    2550
    2398
    2553
    2494
    2426
    2471
    2482
    2469
    2627
    2569
    2482
    2533
    2547
    2643
    2585
    2574
    2503
    2406
    2448
    2532
    2546
    2516
    2491
    2532
    2449
    2530
    2410
    2570
    2465
    2381
    2438
    2467
    2502
    2504
    2529
    2445
    2582
    2537
    2497
    2485
    2484
    2393
    2552
    2456
    2449
    2544
    2518
    2464
    2460
    2522
    2452
    2563
    2551
    2555
    2529
    2466
    2564
    2464
    2515
    2620
    2506
    2564
    2535
    2559
    2577
    2556
    2452
    2477
    2532
    2397
    2581
    2366
    2596
    2493
    2583
    2500
    2421
    2457
    2478
    2526
    2535
    2434
    2556
    2527
    2429
    2497
    2339
    2532
    2548
    2469
    2516
    2574
    2402
    2480
    2508
    2526
    2486
    2507
    2463
    2544
    2578
    2469
    2380
    2452
    2469
    2536
    2535
    2469
    2433
    2443
    2472
    2588
    2446
    2520
    2524
    2505
    2433
    2509
    2346
    2442
    2552
    2556
    2445
    2433
    2586
    2527
    2612
    2410
    2498
    2582
    2519
    2417
    2421
    2540
    2616
    2500
    2492
    2471
    2537
    2490
    2507
    2517
    2462
    2506
    2524
    2506
    2553
    2430
    2521
    2602
    2464
    2549
    2530
    2394
    2507
    2454
    2586
    2492
    2558
    2379
    2553
    2530
    2534
    2521
    2444
    2534
    2437
    2648
    2528
    2448
    2554
    2507
    2475
    2465
    2489
    2456
    2538
    2498
    2455
    2448
    2517
    2479
    2472
    2456
    2512
    2504
    2510
    2441
    2524
    2574
    2295
    2476
    2466
    2514
    2417
    2456
    2419
    2516
    2463
    2495
    2547
    2564
    2559
    2542
    2529
    2503
    2549
    2474
    2553
    2457
    2506
    2592
    2529
    2456
    2566
    2482
    2601
    2531
    2532
    2540
    2603
    2511
    2523
    2528
    2594
    2486
    2552
    2703
    2609
    2468
    2532
    2412
    2550
    2529
    2493
    2556
    2483
    2461
    2455
    2483
    2485
    2546
    2580
    2581
    2529
    2460
    2555
    2563
    2542
    2540
    2477
    2523
    2550
    2391
    2527
    2524
    2518
    2528
    2659
    2499
    2476
    2425
    2471
    2585
    2586
    2447
    2544
    2486
    2573
    2527
    2446
    2546
    2572
    2521
    2576
    2507
    2510
    2550
    2532
    2475
    2610
    2483
    2471
    2550
    2438
    2560
    2518
    2514
    2483
    2539
    2435
    2439
    2550
    2494
    2458
    2516
    2496
    2498
    2578
    2447
    2539
    2474
    2512
    2399
    2492
    2487
    2439
    2529
    2535
    2457
    2404
    2444
    2495
    2551
    2421
    2464
    2494
    2521
    2612
    2468
    2570
    2557
    2434
    2491
    2529
    2467
    2502
    2532
    2509
    2583
    2474
    2492
    2580
    2477
    2553
    2397
    2477
    2552
    2614
    2590
    2511
    2545
    2440
    2614
    2479
    2472
    2474
    2444
    2450
    2440
    2497
    2500
    2479
    2432
    2503
    2524
    2574
    2510
    2510
    2612
    2534
    2577
    2484
    2596
    2559
    2492
    2483
    2585
    2516
    2558
    2558
    2508
    2503
    2544
    2533
    2436
    2535
    2450
    2466
    2447
    2508
    2376
    2466
    2438
    2494
    2507
    2545
    2491
    2543
    2610
    2462
    2503
    2583
    2509
    2369
    2467
    2432
    2533
    2562
    2451
    2539
    2483
    2544
    2564
    2519
    2458
    2492
    2569
    2432
    2381
    2436
    2558
    2492
    2511
    2455
    2601
    2419
    2434
    2515
    2433
    2512
    2501
    2563
    2400
    2490
    2486
    2497
    2425
    2518
    2576
    2519
    2508
    2548
    2557
    2551
    2436
    2480
    2503
    2505
    2480
    2520
    2507
    2625
    2492
    2353
    2642
    2386
    2499
    2355
    2472
    2580
    2514
    2465
    2484
    2479
    2528
    2521
    2565
    2537
    2537
    2579
    2425
    2554
    2528
    2455
    2579
    2597
    2459
    2513
    2536
    2541
    2517
    2540
    2522
    2351
    2554
    2506
    2437
    2503
    2499
    2506
    2493
    2506
    2455
    2447
    2551
    2496
    2483
    2499
    2486
    2457
    2479
    2573
    2590
    2578
    2449
    2541
    2495
    2482
    2481
    2511
    2482
    2493
    2550
    2463
    2497
    2538
    2622
    2456
    2578
    2474
    2616
    2453
    2422
    2489
    2464
    2439
    2487
    2450
    2454
    2613
    2466
    2508
    2541
    2578
    2526
    2499
    2575
    2522
    2550
    2547
    2548
    2592
    2532
    2582
    2516
    2539
    2518
    2545
    2383
    2458
    2498
    2505
    2557
    2531
    2460
    2535
    2648
    2458
    2502
    2556
    2564
    2539
    2617
    2539
    2484
    2544
    2504
    2496
    2480
    2586
    2466
    2477
    2470
    2516
    2606
    2459
    2541
    2431
    2523
    2443
    2492
    2545
    2532
    2503
    2598
    2466
    2465
    2506
    2543
    2520
    2402
    2454
    2509
    2485
    2471
    2478
    2536
    2574
    2476
    2512
    2522
    2449
    2485
    2470
    2423
    2513
    2528
    2473
    2445
    2496
    2562
    2486
    2450
    2451
    2480
    2481
    2446
    2518
    2480
    2597
    2557
    2509
    2576
    2495
    2502
    2448
    2515
    2574
    2634
    2497
    2515
    2500
    2416
    2414
    2526
    2457
    2538
    2530
    2547
    2484
    2481
    2491
    2504
    2376
    2551
    2519
    2504
    2487
    2467
    2566
    2450
    2436
    2518
    2550
    2557
    2460
    2557
    2517
    2547
    2543
    2454
    2551
    2565
    2557
    2670
    2564
    2559
    2495
    2619
    2590
    2588
    2547
    2585
    2537
    2543
    2563
    2479
    2555
    2486
    2347
    2463
    2490
    2547
    2507
    2397
    2453
    2462
    2403
    2512
    2487
    2457
    2550
    2545
    2432
    2550
    2564
    2415
    2485
    2468
    2532
    2578
    2560
    2400
    2410
    2491
    2516
    2514
    2543
    2603
    2513
    2537
    2457
    2526
    2626
    2501
    2470
    2482
    2502
    2483
    2610
    2502
    2533
    2542
    2529
    2557
    2538
    2499
    2510
    2408
    2362
    2462
    2522
    2431
    2469
    2529
    2482
    2550
    2543
    2483
    2578
    2480
    2634
    2492
    2540
    2545
    2596
    2527
    2507
    2479
    2442
    2495
    2497
    2416
    2546
    2473
    2461
    2550
    2601
    2547
    2470
    2561
    2551
    2537
    2469
    2496
    2516
    2577
    2607
    2543
    2481
    2626
    2539
    2440
    2567
    2515
    2459
    2624
    2466
    2518
    2616
    2493
    2410
    2552
    2618
    2595
    2446
    2546
    2539
    2549
    2529
    2558
    2471
    2501
    2571
    2442
    2478
    2525
    2477
    2434
    2545
    2460
    2468
    2505
    2583
    2519
    2372
    2418
    2617
    2514
    2565
    2485
    2472
    2547
    2513
    2527
    2483
    2519
    2477
    2381
    2547
    2475
    2511
    2585
    2474
    2546
    2530
    2464
    2580
    2540
    2554
    2473
    2481
    2636
    2549
    2418
    2459
    2512
    2500
    2491
    2466
    2405
    2431
    2542
    2440
    2579
    2579
    2514
    2465
    2496
    2469
    2589
    2572
    2540
    2386
    2460
    2533
    2514
    2548
    2481
    2469
    2524
    2516
    2486
    2539
    2574
    2476
    2469
    2539
    2512
    2468
    2589
    2576
    2374
    2437
    2497
    2511
    2497
    2494
    2499
    2478
    2498
    2589
    2500
    2547
    2435
    2525
    2420
    2525
    2398
    2547
    2463
    2451
    2443
    2490
    2618
    2519
    2500
    2476
    2490
    2478
    2575
    2488
    2475
    2591
    2585
    2505
    2547
    2573
    2498
    2574
    2563
    2445
    2569
    2513
    2528
    2458
    2514
    2477
    2554
    2478
    2516
    2514
    2569
    2483
    2608
    2559
    2523
    2467
    2533
    2490
    2471
    2509
    2497
    2401
    2484
    2476
    2478
    2411
    2555
    2515
    2479
    2535
    2469
    2484
    2402
    2461
    2498
    2563
    2696
    2609
    2444
    2504
    2519
    2343
    2430
    2545
    2562
    2401
    2504
    2520
    2432
    2486
    2446
    2527
    2555
    2462
    2548
    2607
    2443
    2484
    2475
    2457
    2456
    2495
    2439
    2381
    2466
    2406
    2477
    2544
    2514
    2353
    2587
    2471
    2535
    2542
    2589
    2537
    2540
    2508
    2513
    2556
    2546
    2556
    2509
    2592
    2585
    2447
    2571
    2633
    2548
    2612
    2446
    2581
    2541
    2523
    2438
    2554
    2477
    2506
    2485
    2450
    2559
    2561
    2473
    2524
    2475
    2485
    2378
    2526
    2455
    2464
    2392
    2482
    2622
    2498
    2524
    2522
    2573
    2535
    2551
    2531
    2463
    2609
    2604
    2396
    2548
    2591
    2504
    2485
    2534
    2493
    2499
    2535
    2558
    2487
    2482
    2496
    2567
    2490
    2552
    2603
    2489
    2476
    2499
    2603
    2547
    2561
    2428
    2548
    2473
    2550
    2470
    2473
    2495
    2427
    2587
    2505
    2555
    2573
    2578
    2433
    2441
    2378
    2544
    2525
    2560
    2531
    2484
    2558
    2586
    2509
    2617
    2542
    2482
    2538
    2504
    2500
    2404
    2455
    2563
    2582
    2552
    2549
    2534
    2499
    2610
    2531
    2493
    2499
    2515
    2612
    2537
    2514
    2568
    2476
    2484
    2458
    2468
    2518
    2565
    2452
    2449
    2472
    2496
    2484
    2425
    2621
    2406
    2506
    2512
    2530
    2529
    2429
    2563
    2460
    2572
    2513
    2446
    2553
    2566
    2588
    2507
    2472
    2540
    2469
    2487
    2407
    2518
    2503
    2489
    2536
    2674
    2466
    2401
    2499
    2461
    2516
    2457
    2519
    2491
    2509
    2524
    2418
    2511
    2441
    2515
    2440
    2412
    2465
    2659
    2519
    2488
    2453
    2478
    2519
    2454
    2548
    2485
    2541
    2515
    2434
    2484
    2604
    2457
    2530
    2526
    2526
    2470
    2534
    2544
    2451
    2501
    2530
    2499
    2610
    2572
    2469
    2503
    2479
    2363
    2435
    2350
    2570
    2580
    2455
    2559
    2572
    2576
    2460
    2521
    2467
    2481
    2509
    2541
    2500
    2421
    2524
    2500
    2476
    2559
    2552
    2407
    2590
    2489
    2476
    2539
    2508
    2561
    2546
    2584
    2502
    2575
    2438
    2513
    2383
    2617
    2506
    2564
    2543
    2495
    2538
    2476
    2502
    2513
    2563
    2602
    2491
    2617
    2526
    2556
    2459
    2591
    2569
    2480
    2485
    2458
    2537
    2486
    2606
    2437
    2574
    2498
    2502
    2623
    2609
    2548
    2473
    2506
    2534
    2512
    2535
    2485
    2530
    2522
    2453
    2533
    2510
    2475
    2468
    2491
    2491
    2537
    2520
    2494
    2489
    2573
    2489
    2514
    2592
    2434
    2594
    2495
    2650
    2551
    2537
    2498
    2600
    2476
    2479
    2529
    2528
    2390
    2400
    2469
    2528
    2522
    2466
    2574
    2463
    2459
    2555
    2616
    2417
    2470
    2632
    2513
    2534
    2543
    2522
    2448
    2532
    2485
    2486
    2519
    2580
    2485
    2549
    2632
    2460
    2451
    2560
    2528
    2527
    2566
    2565
    2641
    2481
    2547
    2416
    2483
    2444
    2511
    2448
    2509
    2498
    2576
    2567
    2481
    2527
    2459
    2464
    2528
    2410
    2510
    2525
    2582
    2459
    2472
    2488
    2540
    2474
    2554
    2523
    2539
    2553
    2525
    2577
    2500
    2531
    2526
    2523
    2506
    2505
    2416
    2561
    2526
    2512
    2630
    2516
    2602
    2564
    2506
    2471
    2549
    2673
    2468
    2480
    2481
    2451
    2447
    2496
    2589
    2545
    2519
    2585
    2512
    2431
    2565
    2490
    2469
    2501
    2517
    2500
    2524
    2620
    2484
    2509
    2506
    2627
    2475
    2465
    2495
    2530
    2558
    2584
    2571
    2521
    2398
    2481
    2554
    2410
    2549
    2477
    2445
    2523
    2504
    2437
    2545
    2518
    2453
    2531
    2613
    2499
    2564
    2483
    2529
    2385
    2529
    2500
    2533
    2460
    2536
    2444
    2532
    2555
    2462
    2557
    2483
    2421
    2435
    2582
    2504
    2581
    2441
    2504
    2513
    2455
    2552
    2511
    2523
    2506
    2401
    2557
    2519
    2530
    2529
    2543
    2513
    2617
    2483
    2473
    2577
    2492
    2486
    2519
    2575
    2525
    2607
    2544
    2474
    2465
    2525
    2455
    2555
    2560
    2452
    2535
    2479
    2551
    2508
    2366
    2396
    2592
    2366
    2558
    2395
    2577
    2402
    2372
    2452
    2484
    2471
    2547
    2471
    2466
    2466
    2521
    2562
    2498
    2480
    2528
    2456
    2481
    2543
    2568
    2489
    2436
    2557
    2455
    2462
    2486
    2596
    2468
    2584
    2491
    2536
    2435
    2532
    2518
    2509
    2553
    2496
    2496
    2524
    2481
    2564
    2507
    2373
    2619
    2446
    2549
    2451
    2383
    2551
    2570
    2528
    2579
    2545
    2511
    2510
    2729
    2473
    2536
    2525
    2554
    2555
    2442
    2563
    2537
    2541
    2502
    2579
    2539
    2548
    2520
    2526
    2512
    2494
    2542
    2566
    2508
    2542
    2507
    2572
    2478
    2512
    2438
    2489
    2513
    2504
    2521
    2530
    2515
    2595
    2516
    2541
    2491
    2536
    2547
    2597
    2543
    2342
    2460
    2603
    2470
    2551
    2569
    2530
    2502
    2425
    2554
    2544
    2493
    2495
    2523
    2531
    2682
    2418
    2413
    2466
    2474
    2571
    2508
    2530
    2368
    2490
    2422
    2405
    2570
    2598
    2557
    2485
    2409
    2443
    2474
    2535
    2520
    2505
    2619
    2503
    2613
    2452
    2468
    2475
    2527
    2495
    2479
    2462
    2519
    2486
    2538
    2497
    2540
    2547
    2468
    2482
    2510
    2527
    2553
    2587
    2489
    2499
    2419
    2444
    2486
    2457
    2487
    2542
    2498
    2448
    2444
    2388
    2593
    2465
    2390
    2509
    2519
    2589
    2487
    2478
    2583
    2490
    2517
    2540
    2556
    2494
    2603
    2467
    2514
    2488
    2617
    2610
    2492
    2620
    2614
    2601
    2565
    2497
    2451
    2504
    2544
    2519
    2495
    2511
    2405
    2611
    2466
    2551
    2493
    2518
    2539
    2558
    2585
    2506
    2477
    2530
    2585
    2572
    2463
    2491
    2420
    2590
    2571
    2581
    2532
    2533
    2564
    2504
    2612
    2498
    2473
    2467
    2476
    2526
    2521
    2530
    2407
    2563
    2585
    2478
    2473
    2456
    2531
    2445
    2494
    2433
    2495
    2473
    2581
    2494
    2514
    2468
    2608
    2455
    2409
    2492
    2507
    2419
    2428
    2487
    2530
    2509
    2447
    2596
    2546
    2449
    2457
    2484
    2409
    2510
    2420
    2500
    2558
    2453
    2412
    2464
    2409
    2458
    2467
    2370
    2440
    2411
    2555
    2590
    2524
    2536
    2423
    2412
    2545
    2514
    2500
    2549
    2443
    2475
    2587
    2474
    2460
    2587
    2547
    2609
    2549
    2543
    2499
    2484
    2563
    2548
    2552
    2466
    2530
    2501
    2448
    2569
    2480
    2398
    2592
    2473
    2627
    2463
    2536
    2479
    2577
    2487
    2479
    2462
    2571
    2460
    2598
    2388
    2562
    2491
    2554
    2373
    2574
    2494
    2546
    2527
    2534
    2539
    2488
    2449
    2508
    2413
    2587
    2483
    2534
    2559
    2487
    2445
    2445
    2566
    2533
    2522
    2466
    2475
    2504
    2480
    2526
    2565
    2586
    2449
    2585
    2419
    2511
    2560
    2457
    2464
    2612
    2447
    2521
    2497
    2610
    2534
    2427
    2562
    2547
    2508
    2428
    2540
    2437
    2519
    2459
    2475
    2465
    2436
    2532
    2386
    2508
    2519
    2519
    2571
    2530
    2469
    2532
    2560
    2417
    2489
    2541
    2557
    2541
    2510
    2488
    2541
    2491
    2520
    2516
    2573
    2542
    2546
    2457
    2633
    2507
    2537
    2463
    2496
    2523
    2477
    2605
    2513
    2620
    2594
    2494
    2511
    2550
    2513
    2513
    2496
    2489
    2461
    2463
    2478
    2492
    2478
    2488
    2485
    2366
    2476
    2490
    2618
    2537
    2459
    2585
    2443
    2519
    2551
    2497
    2490
    2478
    2490
    2607
    2548
    2614
    2538
    2481
    2475
    2507
    2483
    2552
    2506
    2491
    2514
    2451
    2508
    2506
    2466
    2518
    2447
    2506
    2466
    2522
    2516
    2481
    2480
    2458
    2556
    2441
    2558
    2547
    2586
    2524
    2589
    2455
    2494
    2509
    2471
    2424
    2582
    2503
    2454
    2547
    2621
    2449
    2450
    2563
    2531
    2428
    2539
    2468
    2488
    2548
    2427
    2545
    2529
    2548
    2545
    2528
    2443
    2523
    2497
    2491
    2537
    2538
    2641
    2545
    2580
    2538
    2435
    2576
    2462
    2503
    2517
    2553
    2419
    2484
    2585
    2519
    2455
    2422
    2511
    2565
    2501
    2495
    2486
    2452
    2454
    2526
    2552
    2470
    2546
    2487
    2484
    2515
    2493
    2452
    2440
    2479
    2438
    2531
    2510
    2414
    2503
    2473
    2553
    2636
    2429
    2483
    2462
    2497
    2496
    2536
    2551
    2582
    2533
    2459
    2494
    2545
    2510
    2529
    2492
    2513
    2479
    2479
    2598
    2480
    2565
    2555
    2447
    2491
    2445
    2498
    2481
    2428
    2484
    2500
    2499
    2462
    2518
    2565
    2507
    2572
    2425
    2557
    2465
    2508
    2462
    2516
    2542
    2494
    2535
    2566
    2565
    2451
    2464
    2627
    2530
    2534
    2506
    2482
    2532
    2416
    2460
    2514
    2548
    2483
    2582
    2526
    2411
    2567
    2498
    2541
    2448
    2428
    2526
    2514
    2505
    2528
    2496
    2578
    2520
    2515
    2462
    2429
    2531
    2578
    2572
    2538
    2501
    2505
    2514
    2501
    2481
    2534
    2526
    2499
    2505
    2525
    2604
    2654
    2438
    2468
    2499
    2526
    2572
    2465
    2527
    2533
    2444
    2555
    2580
    2539
    2449
    2538
    2543
    2628
    2582
    2536
    2508
    2397
    2605
    2606
    2463
    2489
    2443
    2417
    2595
    2527
    2438
    2518
    2379
    2571
    2551
    2448
    2512
    2520
    2495
    2441
    2447
    2567
    2444
    2584
    2439
    2546
    2523
    2464
    2517
    2521
    2496
    2504
    2425
    2596
    2461
    2471
    2512
    2480
    2516
    2497
    2556
    2524
    2520
    2564
    2537
    2482
    2466
    2477
    2415
    2503
    2407
    2393
    2589
    2463
    2567
    2531
    2561
    2470
    2529
    2535
    2531
    2571
    2507
    2512
    2476
    2590
    2469
    2440
    2531
    2485
    2434
    2534
    2476
    2646
    2581
    2492
    2534
    2487
    2496
    2504
    2644
    2479
    2599
    2583
    2482
    2526
    2465
    2526
    2455
    2530
    2435
    2529
    2541
    2517
    2517
    2468
    2502
    2491
    2506
    2530
    2546
    2505
    2554
    2509
    2576
    2622
    2479
    2453
    2520
    2548
    2426
    2548
    2533
    2658
    2410
    2454
    2570
    2521
    2457
    2546
    2432
    2522
    2455
    2575
    2561
    2503
    2469
    2469
    2502
    2545
    2484
    2531
    2555
    2385
    2440
    2578
    2525
    2532
    2604
    2467
    2541
    2475
    2484
    2422
    2546
    2489
    2514
    2562
    2524
    2531
    2513
    2551
    2453
    2418
    2419
    2500
    2644
    2473
    2449
    2471
    2542
    2554
    2582
    2456
    2586
    2409
    2417
    2559
    2435
    2470
    2476
    2564
    2476
    2422
    2495
    2492
    2470
    2483
    2463
    2408
    2511
    2456
    2444
    2441
    2429
    2461
    2435
    2459
    2497
    2469
    2495
    2463
    2553
    2422
    2565
    2449
    2494
    2506
    2507
    2471
    2444
    2443
    2541
    2530
    2523
    2555
    2613
    2480
    2502
    2559
    2470
    2360
    2484
    2508
    2496
    2565
    2487
    2486
    2557
    2559
    2517
    2451
    2543
    2427
    2463
    2512
    2588
    2589
    2556
    2563
    2548
    2527
    2455
    2454
    2552
    2534
    2592
    2593
    2483
    2445
    2523
    2550
    2471
    2530
    2601
    2497
    2466
    2543
    2508
    2559
    2499
    2547
    2388
    2566
    2520
    2510
    2610
    2470
    2463
    2542
    2621
    2492
    2494
    2538
    2445
    2493
    2475
    2412
    2457
    2424
    2510
    2431
    2517
    2534
    2498
    2614
    2471
    2561
    2598
    2546
    2557
    2492
    2512
    2512
    2400
    2495
    2492
    2454
    2566
    2500
    2482
    2496
    2427
    2508
    2450
    2614
    2507
    2567
    2575
    2511
    2419
    2512
    2326
    2549
    2664
    2527
    2585
    2543
    2564
    2587
    2531
    2467
    2566
    2547
    2488
    2509
    2527
    2469
    2433
    2578
    2496
    2487
    2463
    2609
    2389
    2519
    2521
    2498
    2469
    2502
    2615
    2452
    2442
    2549
    2557
    2553
    2511
    2542
    2448
    2495
    2483
    2519
    2585
    2495
    2488
    2470
    2538
    2529
    2443
    2527
    2501
    2465
    2609
    2531
    2522
    2427
    2451
    2481
    2441
    2468
    2403
    2486
    2500
    2507
    2560
    2575
    2474
    2512
    2479
    2530
    2490
    2480
    2495
    2550
    2458
    2601
    2485
    2421
    2503
    2519
    2517
    2526
    2550
    2564
    2546
    2483
    2518
    2444
    2629
    2540
    2518
    2501
    2501
    2501
    2585
    2523
    2631
    2507
    2533
    2437
    2372
    2475
    2549
    2414
    2535
    2444
    2427
    2480
    2448
    2520
    2527
    2545
    2502
    2443
    2549
    2554
    2452
    2468
    2493
    2493
    2503
    2528
    2449
    2501
    2476
    2403
    2407
    2541
    2509
    2483
    2490
    2458
    2520
    2527
    2403
    2514
    2458
    2507
    2522
    2524
    2466
    2532
    2515
    2515
    2495
    2491
    2448
    2503
    2551
    2410
    2565
    2477
    2446
    2582
    2578
    2492
    2530
    2577
    2526
    2492
    2475
    2550
    2479
    2464
    2525
    2584
    2465
    2578
    2545
    2553
    2590
    2388
    2521
    2536
    2501
    2530
    2445
    2524
    2554
    2513
    2527
    2631
    2476
    2454
    2431
    2497
    2497
    2551
    2529
    2473
    2539
    2466
    2386
    2553
    2437
    2450
    2465
    2551
    2484
    2545
    2585
    2428
    2431
    2490
    2583
    2405
    2540
    2436
    2499
    2567
    2581
    2601
    2470
    2415
    2507
    2593
    2418
    2540
    2468
    2478
    2400
    2514
    2470
    2457
    2519
    2476
    2450
    2466
    2514
    2449
    2554
    2633
    2498
    2530
    2474
    2488
    2606
    2554
    2467
    2581
    2587
    2577
    2623
    2535
    2526
    2575
    2619
    2490
    2487
    2511
    2494
    2489
    2468
    2567
    2546
    2591
    2441
    2529
    2571
    2470
    2480
    2519
    2601
    2472
    2515
    2627
    2452
    2455
    2436
    2495
    2499
    2566
    2625
    2520
    2594
    2486
    2523
    2482
    2594
    2538
    2498
    2552
    2483
    2531
    2554
    2436
    2396
    2635
    2486
    2577
    2531
    2617
    2532
    2410
    2537
    2464
    2595
    2383
    2479
    2525
    2539
    2437
    2551
    2390
    2541
    2527
    2520
    2534
    2551
    2570
    2508
    2467
    2496
    2553
    2533
    2477
    2546
    2462
    2496
    2481
    2439
    2508
    2533
    2473
    2519
    2566
    2605
    2479
    2484
    2463
    2425
    2514
    2580
    2487
    2549
    2466
    2481
    2499
    2506
    2507
    2596
    2540
    2528
    2497
    2473
    2522
    2585
    2415
    2545
    2459
    2489
    2391
    2488
    2575
    2538
    2405
    2410
    2450
    2457
    2464
    2557
    2431
    2486
    2459
    2514
    2510
    2560
    2524
    2524
    2468
    2493
    2460
    2559
    2475
    2406
    2491
    2544
    2407
    2585
    2508
    2543
    2520
    2545
    2540
    2556
    2513
    2543
    2566
    2508
    2477
    2437
    2567
    2514
    2436
    2525
    2447
    2436
    2520
    2493
    2626
    2502
    2508
    2545
    2481
    2453
    2586
    2501
    2438
    2412
    2504
    2473
    2455
    2505
    2446
    2427
    2468
    2483
    2583
    2546
    2482
    2561
    2516
    2502
    2527
    2479
    2494
    2450
    2491
    2412
    2563
    2595
    2407
    2581
    2495
    2631
    2517
    2545
    2470
    2569
    2455
    2455
    2495
    2558
    2441
    2553
    2438
    2576
    2470
    2459
    2540
    2462
    2560
    2534
    2441
    2457
    2482
    2518
    2539
    2545
    2507
    2446
    2530
    2538
    2459
    2535
    2502
    2570
    2519
    2490
    2552
    2572
    2467
    2546
    2392
    2487
    2499
    2528
    2622
    2535
    2532
    2473
    2483
    2557
    2573
    2394
    2469
    2498
    2515
    2575
    2513
    2567
    2561
    2501
    2523
    2495
    2535
    2440
    2507
    2547
    2421
    2542
    2556
    2464
    2486
    2454
    2518
    2478
    2486
    2479
    2572
    2598
    2503
    2571
    2572
    2555
    2515
    2551
    2485
    2639
    2562
    2591
    2416
    2535
    2495
    2600
    2490
    2573
    2519
    2597
    2614
    2537
    2533
    2493
    2507
    2492
    2555
    2538
    2510
    2544
    2494
    2455
    2549
    2486
    2537
    2517
    2488
    2578
    2518
    2536
    2502
    2525
    2487
    2505
    2525
    2445
    2493
    2538
    2540
    2518
    2428
    2533
    2483
    2559
    2432
    2557
    2513
    2354
    2481
    2528
    2513
    2494
    2523
    2571
    2566
    2580
    2415
    2504
    2535
    2479
    2534
    2471
    2534
    2640
    2531
    2496
    2597
    2550
    2564
    2414
    2508
    2423
    2477
    2512
    2492
    2483
    2530
    2427
    2431
    2554
    2493
    2544
    2447
    2487
    2471
    2460
    2503
    2580
    2511
    2454
    2593
    2560
    2630
    2470
    2483
    2487
    2390
    2433
    2496
    2496
    2492
    2566
    2499
    2466
    2547
    2502
    2483
    2524
    2493
    2506
    2535
    2597
    2488
    2537
    2553
    2468
    2483
    2493
    2494
    2503
    2474
    2540
    2465
    2572
    2515
    2536
    2580
    2561
    2546
    2542
    2532
    2470
    2401
    2501
    2483
    2498
    2478
    2476
    2551
    2586
    2512
    2497
    2535
    2406
    2556
    2554
    2569
    2438
    2488
    2394
    2588
    2511
    2489
    2522
    2517
    2543
    2467
    2548
    2556
    2542
    2508
    2482
    2483
    2414
    2554
    2648
    2632
    2464
    2491
    2529
    2522
    2422
    2551
    2508
    2651
    2506
    2491
    2441
    2541
    2501
    2385
    2568
    2677
    2471
    2459
    2484
    2500
    2553
    2633
    2475
    2412
    2465
    2495
    2465
    2498
    2534
    2506
    2438
    2463
    2483
    2568
    2445
    2456
    2607
    2400
    2517
    2497
    2507
    2478
    2478
    2511
    2513
    2547
    2561
    2504
    2517
    2532
    2555
    2593
    2601
    2614
    2572
    2611
    2530
    2567
    2505
    2492
    2609
    2473
    2382
    2461
    2425
    2513
    2584
    2552
    2500
    2462
    2564
    2438
    2511
    2461
    2476
    2480
    2655
    2593
    2520
    2461
    2434
    2518
    2549
    2573
    2500
    2604
    2510
    2423
    2581
    2510
    2597
    2514
    2486
    2482
    2512
    2484
    2548
    2592
    2456
    2471
    2449
    2567
    2498
    2615
    2530
    2447
    2513
    2446
    2581
    2511
    2461
    2445
    2451
    2540
    2502
    2556
    2519
    2498
    2411
    2487
    2397
    2504
    2391
    2533
    2549
    2482
    2548
    2482
    2468
    2520
    2536
    2476
    2578
    2522
    2508
    2518
    2491
    2556
    2466
    2522
    2435
    2502
    2463
    2508
    2558
    2571
    2476
    2487
    2468
    2524
    2551
    2473
    2424
    2510
    2499
    2540
    2423
    2436
    2515
    2469
    2571
    2571
    2514
    2516
    2401
    2383
    2434
    2556
    2580
    2432
    2600
    2504
    2514
    2514
    2495
    2393
    2457
    2439
    2413
    2509
    2498
    2518
    2482
    2558
    2410
    2615
    2492
    2532
    2540
    2451
    2624
    2463
    2466
    2557
    2539
    2519
    2498
    2509
    2526
    2689
    2452
    2503
    2537
    2474
    2531
    2487
    2469
    2489
    2450
    2412
    2524
    2545
    2514
    2467
    2427
    2613
    2473
    2598
    2561
    2498
    2484
    2537
    2493
    2484
    2551
    2507
    2534
    2607
    2532
    2480
    2527
    2478
    2489
    2549
    2506
    2454
    2466
    2443
    2430
    2453
    2477
    2667
    2544
    2467
    2447
    2458
    2470
    2560
    2517
    2551
    2416
    2520
    2504
    2501
    2594
    2508
    2519
    2544
    2493
    2477
    2511
    2514
    2578
    2527
    2449
    2380
    2602
    2534
    2575
    2448
    2519
    2543
    2498
    2396
    2444
    2579
    2492
    2461
    2508
    2497
    2559
    2518
    2464
    2563
    2455
    2507
    2472
    2543
    2460
    2536
    2463
    2445
    2532
    2578
    2503
    2579
    2566
    2489
    2525
    2479
    2518
    2515
    2473
    2459
    2587
    2522
    2488
    2516
    2484
    2510
    2478
    2594
    2491
    2517
    2530
    2555
    2515
    2425
    2635
    2564
    2530
    2644
    2541
    2535
    2615
    2514
    2465
    2472
    2454
    2551
    2523
    2502
    2556
    2526
    2477
    2510
    2461
    2524
    2518
    2503
    2527
    2482
    2468
    2442
    2497
    2451
    2506
    2635
    2569
    2563
    2436
    2528
    2522
    2404
    2498
    2548
    2490
    2586
    2534
    2557
    2541
    2527
    2542
    2502
    2476
    2493
    2483
    2534
    2489
    2500
    2498
    2507
    2448
    2516
    2499
    2504
    2570
    2477
    2581
    2504
    2546
    2490
    2563
    2408
    2426
    2628
    2560
    2557
    2486
    2561
    2549
    2530
    2435
    2560
    2596
    2541
    2484
    2444
    2557
    2535
    2579
    2566
    2572
    2499
    2440
    2565
    2508
    2498
    2457
    2641
    2497
    2501
    2400
    2559
    2496
    2491
    2447
    2501
    2487
    2474
    2442
    2604
    2466
    2517
    2659
    2516
    2569
    2485
    2575
    2536
    2539
    2489
    2483
    2509
    2442
    2531
    2639
    2572
    2443
    2510
    2512
    2514
    2506
    2405
    2409
    2518
    2495
    2524
    2473
    2520
    2576
    2581
    2468
    2478
    2477
    2587
    2435
    2474
    2520
    2508
    2451
    2485
    2604
    2528
    2516
    2599
    2510
    2519
    2437
    2510
    2439
    2524
    2504
    2452
    2468
    2557
    2521
    2468
    2557
    2518
    2541
    2481
    2455
    2635
    2574
    2510
    2677
    2529
    2533
    2535
    2524
    2573
    2507
    2557
    2473
    2485
    2655
    2492
    2456
    2440
    2488
    2507
    2459
    2483
    2493
    2485
    2457
    2536
    2431
    2501
    2391
    2363
    2535
    2540
    2619
    2448
    2431
    2461
    2514
    2521
    2529
    2518
    2529
    2559
    2540
    2368
    2536
    2556
    2415
    2456
    2603
    2474
    2555
    2648
    2468
    2512
    2567
    2405
    2398
    2490
    2486
    2488
    2502
    2466
    2534
    2498
    2498
    2562
    2434
    2506
    2516
    2436
    2492
    2523
    2575
    2600
    2587
    2467
    2494
    2411
    2477
    2577
    2483
    2511
    2515
    2501
    2440
    2543
    2528
    2548
    2516
    2618
    2505
    2500
    2546
    2568
    2487
    2472
    2525
    2456
    2599
    2515
    2513
    2566
    2496
    2458
    2575
    2493
    2451
    2429
    2674
    2525
    2461
    2493
    2542
    2601
    2498
    2482
    2504
    2507
    2455
    2490
    2508
    2555
    2464
    2540
    2433
    2504
    2539
    2488
    2443
    2444
    2495
    2628
    2472
    2411
    2445
    2609
    2515
    2383
    2627
    2529
    2477
    2516
    2492
    2454
    2559
    2509
    2526
    2451
    2480
    2498
    2538
    2559
    2422
    2632
    2469
    2548
    2484
    2449
    2381
    2534
    2482
    2500
    2527
    2508
    2527
    2552
    2419
    2460
    2440
    2538
    2541
    2454
    2447
    2585
    2550
    2448
    2515
    2506
    2605
    2539
    2537
    2472
    2435
    2481
    2457
    2438
    2409
    2443
    2494
    2522
    2474
    2478
    2575
    2479
    2468
    2514
    2462
    2573
    2481
    2522
    2566
    2547
    2414
    2487
    2472
    2431
    2414
    2544
    2522
    2505
    2557
    2598
    2493
    2515
    2569
    2585
    2623
    2462
    2588
    2476
    2502
    2545
    2576
    2573
    2556
    2525
    2470
    2441
    2500
    2446
    2545
    2517
    2557
    2545
    2533
    2537
    2479
    2453
    2563
    2548
    2525
    2583
    2440
    2539
    2433
    2327
    2529
    2507
    2440
    2478
    2537
    2438
    2522
    2444
    2599
    2474
    2427
    2559
    2503
    2512
    2580
    2527
    2451
    2423
    2452
    2573
    2579
    2439
    2551
    2522
    2499
    2459
    2507
    2531
    2547
    2605
    2535
    2617
    2526
    2529
    2376
    2516
    2593
    2552
    2526
    2518
    2457
    2488
    2516
    2582
    2427
    2588
    2423
    2658
    2483
    2575
    2471
    2526
    2480
    2480
    2455
    2519
    2444
    2448
    2390
    2446
    2451
    2492
    2522
    2556
    2568
    2546
    2489
    2563
    2508
    2475
    2584
    2376
    2457
    2512
    2584
    2514
    2462
    2478
    2474
    2470
    2501
    2534
    2481
    2488
    2527
    2565
    2466
    2640
    2545
    2449
    2407
    2561
    2520
    2514
    2505
    2490
    2581
    2572
    2496
    2526
    2559
    2513
    2408
    2473
    2541
    2514
    2593
    2541
    2523
    2437
    2467
    2547
    2516
    2483
    2471
    2578
    2504
    2451
    2456
    2443
    2596
    2592
    2419
    2467
    2423
    2354
    2446
    2541
    2503
    2475
    2460
    2512
    2458
    2552
    2486
    2540
    2478
    2477
    2508
    2613
    2505
    2417
    2528
    2456
    2507
    2488
    2524
    2510
    2494
    2658
    2476
    2607
    2542
    2518
    2528
    2604
    2559
    2619
    2479
    2514
    2489
    2502
    2556
    2550
    2507
    2511
    2507
    2579
    2572
    2379
    2484
    2442
    2490
    2641
    2494
    2506
    2524
    2542
    2439
    2438
    2460
    2549
    2452
    2510
    2419
    2462
    2504
    2481
    2435
    2512
    2592
    2489
    2553
    2515
    2443
    2437
    2465
    2440
    2473
    2483
    2441
    2573
    2501
    2497
    2548
    2462
    2512
    2576
    2520
    2403
    2512
    2574
    2531
    2539
    2469
    2436
    2510
    2522
    2485
    2521
    2445
    2599
    2483
    2472
    2575
    2523
    2467
    2588
    2541
    2398
    2451
    2420
    2495
    2424
    2596
    2590
    2447
    2505
    2471
    2435
    2486
    2470
    2562
    2433
    2454
    2536
    2530
    2541
    2517
    2460
    2578
    2521
    2571
    2546
    2569
    2459
    2489
    2520
    2589
    2564
    2556
    2472
    2577
    2535
    2477
    2609
    2598
    2491
    2527
    2487
    2531
    2502
    2452
    2588
    2436
    2575
    2502
    2570
    2444
    2545
    2555
    2496
    2538
    2533
    2468
    2440
    2515
    2567
    2587
    2448
    2522
    2571
    2452
    2398
    2501
    2510
    2467
    2445
    2594
    2569
    2498
    2494
    2597
    2523
    2458
    2449
    2513
    2505
    2457
    2519
    2449
    2539
    2476
    2549
    2543
    2600
    2553
    2499
    2526
    2511
    2463
    2553
    2611
    2493
    2663
    2537
    2550
    2481
    2529
    2489
    2467
    2566
    2495
    2472
    2472
    2448
    2518
    2534
    2550
    2411
    2461
    2551
    2505
    2490
    2443
    2494
    2617
    2509
    2645
    2558
    2533
    2624
    2507
    2507
    2451
    2454
    2559
    2495
    2482
    2537
    2503
    2585
    2628
    2528
    2474
    2556
    2558
    2409
    2536
    2536
    2539
    2603
    2442
    2505
    2633
    2421
    2438
    2542
    2437
    2490
    2556
    2564
    2579
    2448
    2512
    2609
    2564
    2401
    2551
    2498
    2508
    2554
    2528
    2590
    2508
    2541
    2552
    2533
    2486
    2559
    2522
    2541
    2527
    2444
    2482
    2426
    2456
    2570
    2521
    2460
    2547
    2501
    2533
    2593
    2563
    2553
    2492
    2474
    2470
    2536
    2492
    2519
    2484
    2538
    2463
    2527
    2461
    2561
    2486
    2653
    2516
    2562
    2556
    2503
    2552
    2542
    2458
    2538
    2541
    2575
    2495
    2613
    2523
    2562
    2476
    2535
    2511
    2420
    2514
    2492
    2516
    2487
    2600
    2591
    2492
    2571
    2540
    2491
    2505
    2600
    2509
    2497
    2531
    2461
    2410
    2521
    2592
    2475
    2528
    2447
    2441
    2513
    2516
    2526
    2527
    2457
    2409
    2382
    2525
    2384
    2474
    2456
    2569
    2449
    2533
    2482
    2520
    2556
    2593
    2523
    2537
    2557
    2467
    2512
    2567
    2571
    2520
    2612
    2484
    2467
    2547
    2515
    2508
    2486
    2537
    2598
    2442
    2460
    2473
    2462
    2569
    2583
    2479
    2497
    2535
    2558
    2559
    2437
    2466
    2552
    2415
    2515
    2428
    2375
    2593
    2453
    2519
    2514
    2570
    2467
    2534
    2585
    2507
    2586
    2511
    2524
    2461
    2472
    2452
    2483
    2575
    2456
    2551
    2482
    2611
    2492
    2482
    2543
    2585
    2456
    2485
    2484
    2534
    2478
    2512
    2561
    2525
    2548
    2527
    2544
    2532
    2577
    2437
    2391
    2452
    2537
    2527
    2469
    2511
    2557
    2466
    2465
    2549
    2497
    2491
    2478
    2539
    2493
    2480
    2545
    2656
    2534
    2428
    2475
    2509
    2476
    2446
    2426
    2587
    2513
    2418
    2522
    2432
    2561
    2516
    2547
    2519
    2499
    2552
    2526
    2495
    2398
    2533
    2476
    2562
    2544
    2462
    2508
    2477
    2526
    2577
    2527
    2528
    2573
    2502
    2556
    2575
    2585
    2525
    2434
    2449
    2519
    2506
    2484
    2521
    2486
    2507
    2501
    2496
    2529
    2504
    2435
    2559
    2447
    2572
    2442
    2577
    2562
    2508
    2341
    2501
    2706
    2512
    2609
    2549
    2492
    2554
    2476
    2529
    2488
    2457
    2593
    2583
    2545
    2462
    2604
    2516
    2534
    2427
    2435
    2476
    2493
    2464
    2499
    2470
    2514
    2520
    2609
    2521
    2483
    2593
    2531
    2524
    2477
    2465
    2456
    2521
    2624
    2508
    2456
    2408
    2476
    2488
    2522
    2584
    2494
    2464
    2505
    2504
    2425
    2493
    2587
    2548
    2487
    2485
    2460
    2463
    2473
    2491
    2607
    2528
    2499
    2454
    2516
    2484
    2439
    2499
    2562
    2488
    2557
    2528
    2507
    2532
    2584
    2482
    2487
    2545
    2574
    2554
    2454
    2526
    2495
    2547
    2441
    2503
    2462
    2483
    2478
    2529
    2540
    2658
    2438
    2530
    2613
    2517
    2431
    2548
    2548
    2435
    2565
    2462
    2411
    2485
    2518
    2525
    2460
    2452
    2530
    2564
    2558
    2567
    2557
    2475
    2454
    2519
    2517
    2528
    2506
    2513
    2541
    2536
    2396
    2492
    2550
    2454
    2438
    2607
    2558
    2470
    2542
    2527
    2414
    2406
    2510
    2530
    2459
    2451
    2413
    2485
    2423
    2466
    2471
    2556
    2482
    2504
    2435
    2535
    2539
    2475
    2461
    2573
    2478
    2616
    2536
    2494
    2494
    2493
    2414
    2486
    2409
    2486
    2502
    2611
    2487
    2488
    2540
    2465
    2545
    2527
    2365
    2364
    2500
    2503
    2449
    2595
    2459
    2599
    2523
    2495
    2630
    2435
    2522
    2564
    2475
    2472
    2465
    2518
    2560
    2534
    2488
    2459
    2518
    2412
    2467
    2499
    2559
    2553
    2515
    2439
    2501
    2453
    2517
    2568
    2514
    2581
    2429
    2599
    2447
    2461
    2455
    2535
    2549
    2629
    2488
    2400
    2449
    2566
    2395
    2526
    2513
    2507
    2541
    2503
    2449
    2496
    2519
    2483
    2457
    2449
    2550
    2607
    2445
    2598
    2538
    2542
    2461
    2458
    2603
    2461
    2534
    2609
    2517
    2551
    2417
    2520
    2466
    2567
    2412
    2447
    2494
    2597
    2560
    2544
    2586
    2537
    2486
    2457
    2486
    2551
    2461
    2563
    2540
    2468
    2533
    2490
    2400
    2463
    2560
    2526
    2541
    2675
    2420
    2588
    2427
    2466
    2463
    2523
    2452
    2464
    2522
    2560
    2444
    2610
    2591
    2475
    2568
    2618
    2538
    2502
    2520
    2523
    2443
    2508
    2479
    2550
    2430
    2479
    2446
    2610
    2551
    2493
    2509
    2463
    2460
    2611
    2505
    2511
    2583
    2527
    2525
    2583
    2489
    2549
    2532
    2460
    2450
    2588
    2598
    2397
    2476
    2520
    2515
    2515
    2466
    2566
    2416
    2544
    2468
    2526
    2509
    2512
    2523
    2380
    2548
    2589
    2572
    2474
    2550
    2525
    2404
    2509
    2526
    2580
    2534
    2564
    2610
    2400
    2599
    2536
    2440
    2525
    2518
    2379
    2399
    2572
    2554
    2476
    2549
    2467
    2485
    2534
    2491
    2529
    2455
    2431
    2541
    2485
    2396
    2432
    2537
    2551
    2571
    2568
    2495
    2550
    2589
    2634
    2554
    2480
    2593
    2488
    2499
    2426
    2538
    2561
    2463
    2508
    2546
    2581
    2485
    2476
    2498
    2551
    2519
    2391
    2499
    2605
    2480
    2489
    2488
    2399
    2545
    2526
    2494
    2470
    2535
    2558
    2460
    2526
    2478
    2525
    2461
    2459
    2483
    2585
    2558
    2511
    2492
    2681
    2541
    2480
    2539
    2495
    2468
    2562
    2539
    2537
    2448
    2597
    2568
    2484
    2438
    2543
    2547
    2409
    2449
    2530
    2452
    2495
    2493
    2431
    2470
    2466
    2492
    2426
    2544
    2483
    2462
    2501
    2419
    2460
    2502
    2526
    2484
    2599
    2491
    2486
    2506
    2550
    2469
    2466
    2565
    2492
    2437
    2451
    2484
    2535
    2465
    2435
    2565
    2581
    2562
    2401
    2556
    2489
    2527
    2436
    2455
    2540
    2483
    2451
    2499
    2584
    2488
    2530
    2527
    2520
    2508
    2588
    2444
    2544
    2549
    2488
    2604
    2579
    2498
    2355
    2545
    2545
    2493
    2514
    2624
    2388
    2517
    2558
    2401
    2494
    2463
    2513
    2429
    2479
    2568
    2548
    2524
    2572
    2449
    2555
    2600
    2484
    2572
    2597
    2412
    2587
    2415
    2542
    2556
    2567
    2441
    2552
    2538
    2516
    2527
    2547
    2547
    2512
    2496
    2589
    2490
    2508
    2486
    2518
    2493
    2594
    2594
    2480
    2435
    2552
    2484
    2475
    2484
    2432
    2580
    2669
    2505
    2497
    2547
    2605
    2482
    2563
    2483
    2661
    2585
    2543
    2488
    2497
    2552
    2549
    2512
    2499
    2494
    2541
    2531
    2567
    2478
    2505
    2530
    2552
    2611
    2490
    2469
    2500
    2514
    2500
    2531
    2480
    2510
    2471
    2526
    2473
    2506
    2493
    2469
    2569
    2590
    2550
    2485
    2494
    2535
    2471
    2454
    2460
    2491
    2360
    2480
    2505
    2512
    2568
    2529
    2556
    2579
    2510
    2552
    2538
    2422
    2408
    2552
    2453
    2437
    2598
    2565
    2548
    2476
    2537
    2532
    2448
    2495
    2419
    2478
    2558
    2632
    2501
    2626
    2593
    2479
    2570
    2475
    2699
    2525
    2530
    2502
    2458
    2422
    2461
    2582
    2475
    2580
    2463
    2512
    2430
    2487
    2524
    2554
    2444
    2600
    2566
    2521
    2517
    2430
    2386
    2553
    2419
    2622
    2474
    2521
    2599
    2553
    2495
    2563
    2536
    2515
    2501
    2480
    2497
    2416
    2523
    2528
    2444
    2466
    2539
    2490
    2550
    2481
    2405
    2585
    2526
    2528
    2545
    2515
    2520
    2480
    2508
    2592
    2479
    2467
    2478
    2470
    2531
    2576
    2590
    2539
    2439
    2604
    2528
    2628
    2545
    2478
    2448
    2534
    2451
    2495
    2535
    2498
    2409
    2405
    2522
    2544
    2545
    2390
    2562
    2511
    2528
    2440
    2416
    2371
    2559
    2487
    2546
    2474
    2403
    2506
    2518
    2522
    2541
    2511
    2510
    2622
    2443
    2457
    2537
    2467
    2488
    2427
    2529
    2444
    2551
    2546
    2500
    2586
    2550
    2468
    2474
    2465
    2597
    2492
    2517
    2508
    2596
    2517
    2533
    2518
    2435
    2575
    2586
    2590
    2566
    2536
    2627
    2590
    2537
    2503
    2530
    2543
    2575
    2549
    2453
    2503
    2555
    2572
    2450
    2452
    2446
    2496
    2454
    2489
    2494
    2584
    2481
    2528
    2543
    2480
    2584
    2576
    2476
    2497
    2463
    2498
    2544
    2556
    2470
    2524
    2535
    2470
    2571
    2476
    2516
    2479
    2585
    2461
    2538
    2524
    2390
    2508
    2584
    2611
    2468
    2551
    2530
    2552
    2471
    2573
    2493
    2414
    2567
    2486
    2606
    2636
    2476
    2570
    2486
    2512
    2467
    2618
    2504
    2562
    2538
    2518
    2529
    2644
    2453
    2500
    2542
    2429
    2429
    2467
    2484
    2630
    2544
    2563
    2542
    2532
    2564
    2484
    2534
    2444
    2521
    2708
    2636
    2537
    2539
    2555
    2397
    2459
    2536
    2443
    2489
    2575
    2465
    2522
    2504
    2521
    2585
    2495
    2548
    2633
    2510
    2494
    2539
    2593
    2617
    2446
    2518
    2472
    2514
    2393
    2554
    2534
    2564
    2600
    2550
    2448
    2464
    2476
    2507
    2490
    2482
    2472
    2443
    2595
    2556
    2518
    2407
    2560
    2658
    2457
    2451
    2582
    2489
    2451
    2503
    2547
    2456
    2541
    2534
    2438
    2501
    2491
    2416
    2583
    2505
    2418
    2530
    2447
    2442
    2488
    2525
    2528
    2573
    2535
    2503
    2471
    2532
    2495
    2486
    2428
    2475
    2607
    2480
    2468
    2457
    2478
    2430
    2513
    2481
    2547
    2541
    2444
    2556
    2505
    2456
    2383
    2438
    2570
    2714
    2573
    2483
    2483
    2451
    2484
    2535
    2504
    2477
    2483
    2449
    2508
    2541
    2490
    2449
    2411
    2578
    2561
    2531
    2605
    2471
    2385
    2494
    2593
    2455
    2438
    2466
    2580
    2529
    2435
    2522
    2609
    2453
    2453
    2475
    2484
    2456
    2520
    2431
    2603
    2441
    2478
    2481
    2494
    2461
    2469
    2543
    2580
    2598
    2501
    2481
    2510
    2555
    2480
    2450
    2478
    2584
    2493
    2435
    2595
    2512
    2511
    2563
    2563
    2513
    2432
    2554
    2460
    2424
    2543
    2436
    2494
    2456
    2462
    2478
    2584
    2426
    2524
    2479
    2479
    2518
    2489
    2613
    2545
    2437
    2579
    2434
    2470
    2383
    2440
    2552
    2490
    2474
    2463
    2600
    2441
    2542
    2557
    2473
    2515
    2464
    2564
    2484
    2528
    2539
    2485
    2493
    2459
    2557
    2474
    2578
    2534
    2458
    2614
    2576
    2428
    2532
    2490
    2495
    2484
    2445
    2506
    2526
    2668
    2466
    2438
    2374
    2475
    2514
    2470
    2524
    2414
    2509
    2539
    2469
    2538
    2556
    2573
    2610
    2497
    2604
    2523
    2471
    2574
    2407
    2477
    2458
    2506
    2555
    2472
    2601
    2483
    2511
    2567
    2551
    2531
    2415
    2450
    2584
    2546
    2525
    2428
    2541
    2522
    2551
    2562
    2531
    2486
    2543
    2478
    2554
    2593
    2416
    2451
    2425
    2480
    2586
    2496
    2469
    2573
    2426
    2514
    2487
    2524
    2591
    2495
    2425
    2599
    2559
    2521
    2531
    2563
    2603
    2569
    2528
    2432
    2534
    2480
    2509
    2553
    2447
    2585
    2491
    2533
    2586
    2486
    2444
    2519
    2591
    2510
    2499
    2535
    2495
    2576
    2451
    2495
    2410
    2453
    2358
    2472
    2492
    2424
    2438
    2592
    2506
    2508
    2608
    2538
    2547
    2447
    2496
    2572
    2449
    2508
    2467
    2536
    2507
    2399
    2499
    2592
    2537
    2552
    2547
    2512
    2463
    2381
    2515
    2472
    2533
    2521
    2518
    2526
    2622
    2505
    2628
    2472
    2492
    2492
    2497
    2435
    2593
    2512
    2519
    2511
    2552
    2559
    2471
    2479
    2615
    2518
    2533
    2479
    2453
    2615
    2555
    2511
